"Perioden";"Leeftijd";"Totaal mannen en vrouwen";"Mannen";"Vrouwen"
"1988";"Totaal";"14714948";"7273611";"7441337"
"1988";"0 jaar";"185917";"95322";"90595"
"1988";"1 jaar";"184173";"93612";"90561"
"1988";"2 jaar";"178994";"91318";"87676"
"1988";"3 jaar";"175743";"90031";"85712"
"1988";"4 jaar";"171390";"87501";"83889"
"1988";"5 jaar";"173149";"88588";"84561"
"1988";"6 jaar";"179279";"91325";"87954"
"1988";"7 jaar";"182482";"93450";"89032"
"1988";"8 jaar";"177254";"90549";"86705"
"1988";"9 jaar";"178279";"91244";"87035"
"1988";"10 jaar";"176401";"90194";"86207"
"1988";"11 jaar";"180149";"92552";"87597"
"1988";"12 jaar";"182392";"93234";"89158"
"1988";"13 jaar";"191976";"98198";"93778"
"1988";"14 jaar";"201130";"102738";"98392"
"1988";"15 jaar";"220650";"112361";"108289"
"1988";"16 jaar";"234758";"120170";"114588"
"1988";"17 jaar";"246903";"126141";"120762"
"1988";"18 jaar";"255820";"130728";"125092"
"1988";"19 jaar";"245472";"124906";"120566"
"1988";"20 jaar";"245989";"125569";"120420"
"1988";"21 jaar";"248613";"126587";"122026"
"1988";"22 jaar";"254511";"129868";"124643"
"1988";"23 jaar";"261497";"133737";"127760"
"1988";"24 jaar";"259515";"132703";"126812"
"1988";"25 jaar";"256491";"130873";"125618"
"1988";"26 jaar";"256733";"130887";"125846"
"1988";"27 jaar";"250537";"128279";"122258"
"1988";"28 jaar";"250781";"127960";"122821"
"1988";"29 jaar";"244640";"124695";"119945"
"1988";"30 jaar";"241408";"122987";"118421"
"1988";"31 jaar";"238627";"121863";"116764"
"1988";"32 jaar";"234290";"118844";"115446"
"1988";"33 jaar";"232553";"118732";"113821"
"1988";"34 jaar";"230465";"117589";"112876"
"1988";"35 jaar";"231630";"118413";"113217"
"1988";"36 jaar";"225189";"115305";"109884"
"1988";"37 jaar";"227166";"116390";"110776"
"1988";"38 jaar";"231485";"118734";"112751"
"1988";"39 jaar";"240209";"123565";"116644"
"1988";"40 jaar";"253850";"130079";"123771"
"1988";"41 jaar";"263039";"135439";"127600"
"1988";"42 jaar";"189934";"97686";"92248"
"1988";"43 jaar";"199452";"102551";"96901"
"1988";"44 jaar";"189606";"97740";"91866"
"1988";"45 jaar";"175256";"90486";"84770"
"1988";"46 jaar";"167468";"86257";"81211"
"1988";"47 jaar";"171965";"88313";"83652"
"1988";"48 jaar";"166073";"84680";"81393"
"1988";"49 jaar";"163189";"83403";"79786"
"1988";"50 jaar";"153954";"78307";"75647"
"1988";"51 jaar";"153255";"77900";"75355"
"1988";"52 jaar";"150082";"75925";"74157"
"1988";"53 jaar";"148998";"74957";"74041"
"1988";"54 jaar";"145963";"73133";"72830"
"1988";"55 jaar";"149634";"74479";"75155"
"1988";"56 jaar";"146269";"72298";"73971"
"1988";"57 jaar";"148482";"73215";"75267"
"1988";"58 jaar";"141514";"69011";"72503"
"1988";"59 jaar";"140641";"67898";"72743"
"1988";"60 jaar";"135229";"65014";"70215"
"1988";"61 jaar";"134872";"64274";"70598"
"1988";"62 jaar";"133276";"62851";"70425"
"1988";"63 jaar";"133442";"62097";"71345"
"1988";"64 jaar";"134798";"62648";"72150"
"1988";"65 jaar";"129033";"59464";"69569"
"1988";"66 jaar";"127903";"58185";"69718"
"1988";"67 jaar";"127498";"57546";"69952"
"1988";"68 jaar";"105182";"47164";"58018"
"1988";"69 jaar";"99838";"43940";"55898"
"1988";"70 jaar";"100168";"43512";"56656"
"1988";"71 jaar";"97803";"41854";"55949"
"1988";"72 jaar";"93379";"39443";"53936"
"1988";"73 jaar";"94818";"39409";"55409"
"1988";"74 jaar";"89894";"36595";"53299"
"1988";"75 jaar";"85124";"33937";"51187"
"1988";"76 jaar";"76352";"29452";"46900"
"1988";"77 jaar";"73053";"27576";"45477"
"1988";"78 jaar";"70108";"25698";"44410"
"1988";"79 jaar";"64111";"22919";"41192"
"1988";"80 jaar";"58731";"20476";"38255"
"1988";"81 jaar";"52888";"17882";"35006"
"1988";"82 jaar";"47838";"15762";"32076"
"1988";"83 jaar";"42905";"13972";"28933"
"1988";"84 jaar";"37272";"11809";"25463"
"1988";"85 jaar";"32803";"10154";"22649"
"1988";"86 jaar";"27929";"8411";"19518"
"1988";"87 jaar";"22606";"6641";"15965"
"1988";"88 jaar";"19012";"5520";"13492"
"1988";"89 jaar";"15434";"4382";"11052"
"1988";"90 jaar";"12499";"3541";"8958"
"1988";"91 jaar";"10052";"2805";"7247"
"1988";"92 jaar";"7385";"2046";"5339"
"1988";"93 jaar";"5528";"1462";"4066"
"1988";"94 jaar";"4268";"1220";"3048"
"1988";"95 jaar of ouder";"8653";"2451";"6202"
"1988";"95 jaar";".";".";"."
"1988";"96 jaar";".";".";"."
"1988";"97 jaar";".";".";"."
"1988";"98 jaar";".";".";"."
"1988";"99 jaar";".";".";"."
"1988";"100 jaar";".";".";"."
"1988";"101 jaar";".";".";"."
"1988";"102 jaar";".";".";"."
"1988";"103 jaar";".";".";"."
"1988";"104 jaar";".";".";"."
"1988";"105 jaar of ouder";".";".";"."
"1989";"Totaal";"14805240";"7316590";"7488650"
"1989";"0 jaar";"185791";"94945";"90846"
"1989";"1 jaar";"186451";"95581";"90870"
"1989";"2 jaar";"184849";"93931";"90918"
"1989";"3 jaar";"179523";"91586";"87937"
"1989";"4 jaar";"176209";"90285";"85924"
"1989";"5 jaar";"171816";"87682";"84134"
"1989";"6 jaar";"173419";"88697";"84722"
"1989";"7 jaar";"179517";"91440";"88077"
"1989";"8 jaar";"182842";"93623";"89219"
"1989";"9 jaar";"177605";"90701";"86904"
"1989";"10 jaar";"178724";"91444";"87280"
"1989";"11 jaar";"176899";"90457";"86442"
"1989";"12 jaar";"180571";"92800";"87771"
"1989";"13 jaar";"182857";"93498";"89359"
"1989";"14 jaar";"192515";"98549";"93966"
"1989";"15 jaar";"201890";"103116";"98774"
"1989";"16 jaar";"221450";"112711";"108739"
"1989";"17 jaar";"235982";"120695";"115287"
"1989";"18 jaar";"248400";"126741";"121659"
"1989";"19 jaar";"257391";"131373";"126018"
"1989";"20 jaar";"246999";"125455";"121544"
"1989";"21 jaar";"247176";"126043";"121133"
"1989";"22 jaar";"250003";"127340";"122663"
"1989";"23 jaar";"255859";"130749";"125110"
"1989";"24 jaar";"262798";"134497";"128301"
"1989";"25 jaar";"260664";"133438";"127226"
"1989";"26 jaar";"257436";"131372";"126064"
"1989";"27 jaar";"257377";"131241";"126136"
"1989";"28 jaar";"251265";"128615";"122650"
"1989";"29 jaar";"251419";"128298";"123121"
"1989";"30 jaar";"244994";"124920";"120074"
"1989";"31 jaar";"241512";"123080";"118432"
"1989";"32 jaar";"238982";"122044";"116938"
"1989";"33 jaar";"234538";"118922";"115616"
"1989";"34 jaar";"232617";"118739";"113878"
"1989";"35 jaar";"230606";"117659";"112947"
"1989";"36 jaar";"231716";"118380";"113336"
"1989";"37 jaar";"225211";"115265";"109946"
"1989";"38 jaar";"227198";"116329";"110869"
"1989";"39 jaar";"231371";"118575";"112796"
"1989";"40 jaar";"239977";"123394";"116583"
"1989";"41 jaar";"253573";"129889";"123684"
"1989";"42 jaar";"262633";"135149";"127484"
"1989";"43 jaar";"189619";"97434";"92185"
"1989";"44 jaar";"198999";"102192";"96807"
"1989";"45 jaar";"189166";"97429";"91737"
"1989";"46 jaar";"174803";"90148";"84655"
"1989";"47 jaar";"167064";"85967";"81097"
"1989";"48 jaar";"171399";"87929";"83470"
"1989";"49 jaar";"165497";"84314";"81183"
"1989";"50 jaar";"162451";"82915";"79536"
"1989";"51 jaar";"153190";"77755";"75435"
"1989";"52 jaar";"152404";"77282";"75122"
"1989";"53 jaar";"149193";"75280";"73913"
"1989";"54 jaar";"148233";"74372";"73861"
"1989";"55 jaar";"145042";"72511";"72531"
"1989";"56 jaar";"148419";"73690";"74729"
"1989";"57 jaar";"145262";"71600";"73662"
"1989";"58 jaar";"147291";"72404";"74887"
"1989";"59 jaar";"140263";"68176";"72087"
"1989";"60 jaar";"139171";"66893";"72278"
"1989";"61 jaar";"133746";"64020";"69726"
"1989";"62 jaar";"133289";"63185";"70104"
"1989";"63 jaar";"131546";"61685";"69861"
"1989";"64 jaar";"131561";"60848";"70713"
"1989";"65 jaar";"132533";"61107";"71426"
"1989";"66 jaar";"126793";"57983";"68810"
"1989";"67 jaar";"125495";"56568";"68927"
"1989";"68 jaar";"124803";"55760";"69043"
"1989";"69 jaar";"102767";"45581";"57186"
"1989";"70 jaar";"97348";"42354";"54994"
"1989";"71 jaar";"97397";"41774";"55623"
"1989";"72 jaar";"94759";"39927";"54832"
"1989";"73 jaar";"90208";"37464";"52744"
"1989";"74 jaar";"91223";"37238";"53985"
"1989";"75 jaar";"86316";"34443";"51873"
"1989";"76 jaar";"81474";"31827";"49647"
"1989";"77 jaar";"72611";"27357";"45254"
"1989";"78 jaar";"69057";"25406";"43651"
"1989";"79 jaar";"65869";"23492";"42377"
"1989";"80 jaar";"59933";"20816";"39117"
"1989";"81 jaar";"54449";"18366";"36083"
"1989";"82 jaar";"48641";"15946";"32695"
"1989";"83 jaar";"43567";"13923";"29644"
"1989";"84 jaar";"38777";"12177";"26600"
"1989";"85 jaar";"33288";"10193";"23095"
"1989";"86 jaar";"28976";"8648";"20328"
"1989";"87 jaar";"24415";"7047";"17368"
"1989";"88 jaar";"19474";"5518";"13956"
"1989";"89 jaar";"16195";"4591";"11604"
"1989";"90 jaar";"12889";"3563";"9326"
"1989";"91 jaar";"10230";"2789";"7441"
"1989";"92 jaar";"8045";"2179";"5866"
"1989";"93 jaar";"5825";"1571";"4254"
"1989";"94 jaar";"4297";"1087";"3210"
"1989";"95 jaar of ouder";"9353";"2618";"6735"
"1989";"95 jaar";".";".";"."
"1989";"96 jaar";".";".";"."
"1989";"97 jaar";".";".";"."
"1989";"98 jaar";".";".";"."
"1989";"99 jaar";".";".";"."
"1989";"100 jaar";".";".";"."
"1989";"101 jaar";".";".";"."
"1989";"102 jaar";".";".";"."
"1989";"103 jaar";".";".";"."
"1989";"104 jaar";".";".";"."
"1989";"105 jaar of ouder";".";".";"."
"1990";"Totaal";"14892574";"7358482";"7534092"
"1990";"0 jaar";"187501";"95512";"91989"
"1990";"1 jaar";"186372";"95236";"91136"
"1990";"2 jaar";"187262";"95965";"91297"
"1990";"3 jaar";"185773";"94400";"91373"
"1990";"4 jaar";"180192";"91932";"88260"
"1990";"5 jaar";"176810";"90517";"86293"
"1990";"6 jaar";"172457";"88022";"84435"
"1990";"7 jaar";"174256";"89140";"85116"
"1990";"8 jaar";"180266";"91787";"88479"
"1990";"9 jaar";"183606";"94038";"89568"
"1990";"10 jaar";"178322";"91080";"87242"
"1990";"11 jaar";"179469";"91839";"87630"
"1990";"12 jaar";"177640";"90884";"86756"
"1990";"13 jaar";"181323";"93215";"88108"
"1990";"14 jaar";"183620";"93881";"89739"
"1990";"15 jaar";"193557";"99103";"94454"
"1990";"16 jaar";"203076";"103612";"99464"
"1990";"17 jaar";"222896";"113344";"109552"
"1990";"18 jaar";"237737";"121451";"116286"
"1990";"19 jaar";"250070";"127538";"122532"
"1990";"20 jaar";"258917";"132129";"126788"
"1990";"21 jaar";"248212";"126143";"122069"
"1990";"22 jaar";"248231";"126716";"121515"
"1990";"23 jaar";"251239";"128175";"123064"
"1990";"24 jaar";"257172";"131746";"125426"
"1990";"25 jaar";"263735";"135145";"128590"
"1990";"26 jaar";"261231";"133823";"127408"
"1990";"27 jaar";"257801";"131571";"126230"
"1990";"28 jaar";"257441";"131257";"126184"
"1990";"29 jaar";"251059";"128366";"122693"
"1990";"30 jaar";"251301";"128229";"123072"
"1990";"31 jaar";"245058";"124951";"120107"
"1990";"32 jaar";"241475";"122922";"118553"
"1990";"33 jaar";"238743";"121860";"116883"
"1990";"34 jaar";"234286";"118719";"115567"
"1990";"35 jaar";"232399";"118529";"113870"
"1990";"36 jaar";"230406";"117436";"112970"
"1990";"37 jaar";"231399";"118086";"113313"
"1990";"38 jaar";"224945";"115057";"109888"
"1990";"39 jaar";"227078";"116151";"110927"
"1990";"40 jaar";"231253";"118389";"112864"
"1990";"41 jaar";"239700";"123129";"116571"
"1990";"42 jaar";"253318";"129611";"123707"
"1990";"43 jaar";"262208";"134782";"127426"
"1990";"44 jaar";"189341";"97188";"92153"
"1990";"45 jaar";"198513";"101846";"96667"
"1990";"46 jaar";"188843";"97192";"91651"
"1990";"47 jaar";"174389";"89821";"84568"
"1990";"48 jaar";"166645";"85649";"80996"
"1990";"49 jaar";"171061";"87602";"83459"
"1990";"50 jaar";"165029";"83962";"81067"
"1990";"51 jaar";"161745";"82371";"79374"
"1990";"52 jaar";"152460";"77249";"75211"
"1990";"53 jaar";"151514";"76658";"74856"
"1990";"54 jaar";"148447";"74766";"73681"
"1990";"55 jaar";"147149";"73602";"73547"
"1990";"56 jaar";"144065";"71781";"72284"
"1990";"57 jaar";"147540";"73021";"74519"
"1990";"58 jaar";"143900";"70708";"73192"
"1990";"59 jaar";"145786";"71449";"74337"
"1990";"60 jaar";"138823";"67218";"71605"
"1990";"61 jaar";"137653";"65886";"71767"
"1990";"62 jaar";"132149";"62947";"69202"
"1990";"63 jaar";"131471";"62012";"69459"
"1990";"64 jaar";"129615";"60398";"69217"
"1990";"65 jaar";"129431";"59428";"70003"
"1990";"66 jaar";"130177";"59543";"70634"
"1990";"67 jaar";"124462";"56454";"68008"
"1990";"68 jaar";"122991";"54967";"68024"
"1990";"69 jaar";"121998";"53947";"68051"
"1990";"70 jaar";"100284";"43993";"56291"
"1990";"71 jaar";"94623";"40640";"53983"
"1990";"72 jaar";"94477";"39953";"54524"
"1990";"73 jaar";"91622";"37951";"53671"
"1990";"74 jaar";"86953";"35486";"51467"
"1990";"75 jaar";"87577";"35046";"52531"
"1990";"76 jaar";"82393";"32181";"50212"
"1990";"77 jaar";"77520";"29610";"47910"
"1990";"78 jaar";"68595";"25225";"43370"
"1990";"79 jaar";"64806";"23164";"41642"
"1990";"80 jaar";"61384";"21212";"40172"
"1990";"81 jaar";"55509";"18712";"36797"
"1990";"82 jaar";"49974";"16297";"33677"
"1990";"83 jaar";"44301";"13993";"30308"
"1990";"84 jaar";"39184";"12050";"27134"
"1990";"85 jaar";"34571";"10499";"24072"
"1990";"86 jaar";"29292";"8617";"20675"
"1990";"87 jaar";"25026";"7160";"17866"
"1990";"88 jaar";"20761";"5719";"15042"
"1990";"89 jaar";"16345";"4429";"11916"
"1990";"90 jaar";"13272";"3581";"9691"
"1990";"91 jaar";"10305";"2689";"7616"
"1990";"92 jaar";"8036";"2096";"5940"
"1990";"93 jaar";"6147";"1610";"4537"
"1990";"94 jaar";"4375";"1133";"3242"
"1990";"95 jaar of ouder";"9233";"2353";"6880"
"1990";"95 jaar";".";".";"."
"1990";"96 jaar";".";".";"."
"1990";"97 jaar";".";".";"."
"1990";"98 jaar";".";".";"."
"1990";"99 jaar";".";".";"."
"1990";"100 jaar";".";".";"."
"1990";"101 jaar";".";".";"."
"1990";"102 jaar";".";".";"."
"1990";"103 jaar";".";".";"."
"1990";"104 jaar";".";".";"."
"1990";"105 jaar of ouder";".";".";"."
"1991";"Totaal";"15010445";"7419501";"7590944"
"1991";"0 jaar";"197281";"101131";"96150"
"1991";"1 jaar";"188483";"96023";"92460"
"1991";"2 jaar";"187205";"95670";"91535"
"1991";"3 jaar";"187982";"96376";"91606"
"1991";"4 jaar";"186465";"94756";"91709"
"1991";"5 jaar";"180937";"92339";"88598"
"1991";"6 jaar";"177419";"90889";"86530"
"1991";"7 jaar";"173058";"88336";"84722"
"1991";"8 jaar";"174830";"89456";"85374"
"1991";"9 jaar";"180973";"92150";"88823"
"1991";"10 jaar";"184264";"94369";"89895"
"1991";"11 jaar";"178984";"91441";"87543"
"1991";"12 jaar";"180173";"92224";"87949"
"1991";"13 jaar";"178252";"91192";"87060"
"1991";"14 jaar";"182027";"93603";"88424"
"1991";"15 jaar";"184511";"94360";"90151"
"1991";"16 jaar";"194670";"99622";"95048"
"1991";"17 jaar";"204290";"104157";"100133"
"1991";"18 jaar";"224603";"114106";"110497"
"1991";"19 jaar";"239757";"122385";"117372"
"1991";"20 jaar";"252062";"128469";"123593"
"1991";"21 jaar";"260792";"133023";"127769"
"1991";"22 jaar";"250258";"127335";"122923"
"1991";"23 jaar";"250301";"128050";"122251"
"1991";"24 jaar";"253354";"129618";"123736"
"1991";"25 jaar";"259334";"133147";"126187"
"1991";"26 jaar";"265674";"136462";"129212"
"1991";"27 jaar";"262918";"134878";"128040"
"1991";"28 jaar";"259318";"132581";"126737"
"1991";"29 jaar";"258607";"132029";"126578"
"1991";"30 jaar";"252345";"129180";"123165"
"1991";"31 jaar";"252347";"128802";"123545"
"1991";"32 jaar";"245926";"125419";"120507"
"1991";"33 jaar";"242228";"123351";"118877"
"1991";"34 jaar";"239410";"122241";"117169"
"1991";"35 jaar";"234830";"119007";"115823"
"1991";"36 jaar";"232871";"118774";"114097"
"1991";"37 jaar";"230700";"117512";"113188"
"1991";"38 jaar";"231681";"118255";"113426"
"1991";"39 jaar";"225067";"115059";"110008"
"1991";"40 jaar";"227162";"116122";"111040"
"1991";"41 jaar";"231205";"118345";"112860"
"1991";"42 jaar";"239622";"122985";"116637"
"1991";"43 jaar";"253099";"129440";"123659"
"1991";"44 jaar";"261884";"134521";"127363"
"1991";"45 jaar";"188994";"96911";"92083"
"1991";"46 jaar";"198145";"101532";"96613"
"1991";"47 jaar";"188393";"96863";"91530"
"1991";"48 jaar";"173976";"89506";"84470"
"1991";"49 jaar";"166199";"85334";"80865"
"1991";"50 jaar";"170475";"87146";"83329"
"1991";"51 jaar";"164324";"83418";"80906"
"1991";"52 jaar";"160949";"81806";"79143"
"1991";"53 jaar";"151672";"76679";"74993"
"1991";"54 jaar";"150737";"76115";"74622"
"1991";"55 jaar";"147577";"74163";"73414"
"1991";"56 jaar";"146186";"72944";"73242"
"1991";"57 jaar";"143024";"71036";"71988"
"1991";"58 jaar";"146322";"72209";"74113"
"1991";"59 jaar";"142607";"69798";"72809"
"1991";"60 jaar";"144404";"70480";"73924"
"1991";"61 jaar";"137381";"66267";"71114"
"1991";"62 jaar";"136111";"64843";"71268"
"1991";"63 jaar";"130499";"61876";"68623"
"1991";"64 jaar";"129669";"60835";"68834"
"1991";"65 jaar";"127699";"59085";"68614"
"1991";"66 jaar";"127234";"57936";"69298"
"1991";"67 jaar";"127692";"57952";"69740"
"1991";"68 jaar";"122048";"54869";"67179"
"1991";"69 jaar";"120119";"53086";"67033"
"1991";"70 jaar";"119091";"52068";"67023"
"1991";"71 jaar";"97621";"42284";"55337"
"1991";"72 jaar";"91679";"38757";"52922"
"1991";"73 jaar";"91422";"38079";"53343"
"1991";"74 jaar";"88231";"35854";"52377"
"1991";"75 jaar";"83460";"33395";"50065"
"1991";"76 jaar";"83785";"32864";"50921"
"1991";"77 jaar";"78468";"30020";"48448"
"1991";"78 jaar";"73294";"27313";"45981"
"1991";"79 jaar";"64551";"23090";"41461"
"1991";"80 jaar";"60502";"20992";"39510"
"1991";"81 jaar";"56887";"19033";"37854"
"1991";"82 jaar";"51119";"16688";"34431"
"1991";"83 jaar";"45617";"14405";"31212"
"1991";"84 jaar";"39919";"12153";"27766"
"1991";"85 jaar";"34971";"10360";"24611"
"1991";"86 jaar";"30535";"8945";"21590"
"1991";"87 jaar";"25415";"7186";"18229"
"1991";"88 jaar";"21440";"5859";"15581"
"1991";"89 jaar";"17495";"4643";"12852"
"1991";"90 jaar";"13586";"3547";"10039"
"1991";"91 jaar";"10838";"2831";"8007"
"1991";"92 jaar";"8227";"2038";"6189"
"1991";"93 jaar";"6298";"1597";"4701"
"1991";"94 jaar";"4693";"1192";"3501"
"1991";"95 jaar of ouder";"9706";"2429";"7277"
"1991";"95 jaar";".";".";"."
"1991";"96 jaar";".";".";"."
"1991";"97 jaar";".";".";"."
"1991";"98 jaar";".";".";"."
"1991";"99 jaar";".";".";"."
"1991";"100 jaar";".";".";"."
"1991";"101 jaar";".";".";"."
"1991";"102 jaar";".";".";"."
"1991";"103 jaar";".";".";"."
"1991";"104 jaar";".";".";"."
"1991";"105 jaar of ouder";".";".";"."
"1992";"Totaal";"15129150";"7480422";"7648728"
"1992";"0 jaar";"197778";"101127";"96651"
"1992";"1 jaar";"197969";"101472";"96497"
"1992";"2 jaar";"189638";"96669";"92969"
"1992";"3 jaar";"187902";"96030";"91872"
"1992";"4 jaar";"188752";"96775";"91977"
"1992";"5 jaar";"187152";"95154";"91998"
"1992";"6 jaar";"181751";"92743";"89008"
"1992";"7 jaar";"178173";"91237";"86936"
"1992";"8 jaar";"173696";"88711";"84985"
"1992";"9 jaar";"175563";"89842";"85721"
"1992";"10 jaar";"181732";"92537";"89195"
"1992";"11 jaar";"185047";"94747";"90300"
"1992";"12 jaar";"179798";"91885";"87913"
"1992";"13 jaar";"180909";"92573";"88336"
"1992";"14 jaar";"179054";"91637";"87417"
"1992";"15 jaar";"182994";"94163";"88831"
"1992";"16 jaar";"185603";"94898";"90705"
"1992";"17 jaar";"195922";"100134";"95788"
"1992";"18 jaar";"205997";"104812";"101185"
"1992";"19 jaar";"226809";"114992";"111817"
"1992";"20 jaar";"241692";"123203";"118489"
"1992";"21 jaar";"253892";"129257";"124635"
"1992";"22 jaar";"262717";"134072";"128645"
"1992";"23 jaar";"252487";"128656";"123831"
"1992";"24 jaar";"252438";"129358";"123080"
"1992";"25 jaar";"255237";"130872";"124365"
"1992";"26 jaar";"261092";"134251";"126841"
"1992";"27 jaar";"267299";"137403";"129896"
"1992";"28 jaar";"264202";"135676";"128526"
"1992";"29 jaar";"260567";"133301";"127266"
"1992";"30 jaar";"259580";"132551";"127029"
"1992";"31 jaar";"253494";"129905";"123589"
"1992";"32 jaar";"253128";"129180";"123948"
"1992";"33 jaar";"246649";"125773";"120876"
"1992";"34 jaar";"242831";"123662";"119169"
"1992";"35 jaar";"239957";"122524";"117433"
"1992";"36 jaar";"235324";"119255";"116069"
"1992";"37 jaar";"233105";"118844";"114261"
"1992";"38 jaar";"230983";"117621";"113362"
"1992";"39 jaar";"231889";"118340";"113549"
"1992";"40 jaar";"225222";"115020";"110202"
"1992";"41 jaar";"227306";"116178";"111128"
"1992";"42 jaar";"231189";"118216";"112973"
"1992";"43 jaar";"239533";"122904";"116629"
"1992";"44 jaar";"252910";"129262";"123648"
"1992";"45 jaar";"261495";"134188";"127307"
"1992";"46 jaar";"188713";"96690";"92023"
"1992";"47 jaar";"197773";"101271";"96502"
"1992";"48 jaar";"188118";"96645";"91473"
"1992";"49 jaar";"173516";"89185";"84331"
"1992";"50 jaar";"165733";"84996";"80737"
"1992";"51 jaar";"169782";"86604";"83178"
"1992";"52 jaar";"163677";"82989";"80688"
"1992";"53 jaar";"160289";"81321";"78968"
"1992";"54 jaar";"150957";"76155";"74802"
"1992";"55 jaar";"150043";"75631";"74412"
"1992";"56 jaar";"146696";"73544";"73152"
"1992";"57 jaar";"145273";"72366";"72907"
"1992";"58 jaar";"142028";"70353";"71675"
"1992";"59 jaar";"145126";"71376";"73750"
"1992";"60 jaar";"141341";"68958";"72383"
"1992";"61 jaar";"142940";"69485";"73455"
"1992";"62 jaar";"135834";"65214";"70620"
"1992";"63 jaar";"134477";"63751";"70726"
"1992";"64 jaar";"128681";"60655";"68026"
"1992";"65 jaar";"127885";"59643";"68242"
"1992";"66 jaar";"125535";"57674";"67861"
"1992";"67 jaar";"124962";"56447";"68515"
"1992";"68 jaar";"125225";"56341";"68884"
"1992";"69 jaar";"119359";"53155";"66204"
"1992";"70 jaar";"117271";"51269";"66002"
"1992";"71 jaar";"115856";"50067";"65789"
"1992";"72 jaar";"94805";"40494";"54311"
"1992";"73 jaar";"88649";"36900";"51749"
"1992";"74 jaar";"88145";"36113";"52032"
"1992";"75 jaar";"84883";"33909";"50974"
"1992";"76 jaar";"79785";"31239";"48546"
"1992";"77 jaar";"79781";"30588";"49193"
"1992";"78 jaar";"74281";"27751";"46530"
"1992";"79 jaar";"68986";"25081";"43905"
"1992";"80 jaar";"60315";"20949";"39366"
"1992";"81 jaar";"56155";"18934";"37221"
"1992";"82 jaar";"52365";"16963";"35402"
"1992";"83 jaar";"46667";"14722";"31945"
"1992";"84 jaar";"41161";"12503";"28658"
"1992";"85 jaar";"35589";"10434";"25155"
"1992";"86 jaar";"30865";"8790";"22075"
"1992";"87 jaar";"26433";"7453";"18980"
"1992";"88 jaar";"21673";"5884";"15789"
"1992";"89 jaar";"17957";"4715";"13242"
"1992";"90 jaar";"14509";"3709";"10800"
"1992";"91 jaar";"10991";"2744";"8247"
"1992";"92 jaar";"8551";"2133";"6418"
"1992";"93 jaar";"6365";"1517";"4848"
"1992";"94 jaar";"4745";"1137";"3608"
"1992";"95 jaar of ouder";"9947";"2365";"7582"
"1992";"95 jaar";".";".";"."
"1992";"96 jaar";".";".";"."
"1992";"97 jaar";".";".";"."
"1992";"98 jaar";".";".";"."
"1992";"99 jaar";".";".";"."
"1992";"100 jaar";".";".";"."
"1992";"101 jaar";".";".";"."
"1992";"102 jaar";".";".";"."
"1992";"103 jaar";".";".";"."
"1992";"104 jaar";".";".";"."
"1992";"105 jaar of ouder";".";".";"."
"1993";"Totaal";"15239182";"7535268";"7703914"
"1993";"0 jaar";"195981";"100392";"95589"
"1993";"1 jaar";"198460";"101481";"96979"
"1993";"2 jaar";"198690";"101852";"96838"
"1993";"3 jaar";"190335";"97034";"93301"
"1993";"4 jaar";"188621";"96377";"92244"
"1993";"5 jaar";"189439";"97119";"92320"
"1993";"6 jaar";"187782";"95506";"92276"
"1993";"7 jaar";"182333";"93046";"89287"
"1993";"8 jaar";"178783";"91571";"87212"
"1993";"9 jaar";"174389";"89026";"85363"
"1993";"10 jaar";"176193";"90161";"86032"
"1993";"11 jaar";"182364";"92881";"89483"
"1993";"12 jaar";"185692";"95097";"90595"
"1993";"13 jaar";"180450";"92210";"88240"
"1993";"14 jaar";"181549";"92938";"88611"
"1993";"15 jaar";"179787";"91992";"87795"
"1993";"16 jaar";"183890";"94537";"89353"
"1993";"17 jaar";"186651";"95287";"91364"
"1993";"18 jaar";"197342";"100633";"96709"
"1993";"19 jaar";"207739";"105382";"102357"
"1993";"20 jaar";"228421";"115627";"112794"
"1993";"21 jaar";"243254";"123798";"119456"
"1993";"22 jaar";"255774";"130186";"125588"
"1993";"23 jaar";"264880";"135316";"129564"
"1993";"24 jaar";"254477";"129705";"124772"
"1993";"25 jaar";"254199";"130304";"123895"
"1993";"26 jaar";"256865";"131849";"125016"
"1993";"27 jaar";"262634";"135151";"127483"
"1993";"28 jaar";"268688";"138106";"130582"
"1993";"29 jaar";"265598";"136362";"129236"
"1993";"30 jaar";"261489";"133767";"127722"
"1993";"31 jaar";"260283";"132765";"127518"
"1993";"32 jaar";"254192";"130198";"123994"
"1993";"33 jaar";"253514";"129333";"124181"
"1993";"34 jaar";"247148";"125955";"121193"
"1993";"35 jaar";"243242";"123818";"119424"
"1993";"36 jaar";"240274";"122590";"117684"
"1993";"37 jaar";"235472";"119277";"116195"
"1993";"38 jaar";"233172";"118781";"114391"
"1993";"39 jaar";"231086";"117602";"113484"
"1993";"40 jaar";"231916";"118285";"113631"
"1993";"41 jaar";"225119";"114880";"110239"
"1993";"42 jaar";"227178";"115978";"111200"
"1993";"43 jaar";"231022";"118082";"112940"
"1993";"44 jaar";"239236";"122641";"116595"
"1993";"45 jaar";"252580";"129040";"123540"
"1993";"46 jaar";"261084";"133908";"127176"
"1993";"47 jaar";"188339";"96415";"91924"
"1993";"48 jaar";"197292";"100936";"96356"
"1993";"49 jaar";"187555";"96324";"91231"
"1993";"50 jaar";"172921";"88770";"84151"
"1993";"51 jaar";"165022";"84504";"80518"
"1993";"52 jaar";"169060";"86092";"82968"
"1993";"53 jaar";"162874";"82452";"80422"
"1993";"54 jaar";"159480";"80806";"78674"
"1993";"55 jaar";"150133";"75631";"74502"
"1993";"56 jaar";"149138";"75013";"74125"
"1993";"57 jaar";"145735";"72865";"72870"
"1993";"58 jaar";"144178";"71630";"72548"
"1993";"59 jaar";"140884";"69586";"71298"
"1993";"60 jaar";"143713";"70448";"73265"
"1993";"61 jaar";"139889";"68045";"71844"
"1993";"62 jaar";"141361";"68438";"72923"
"1993";"63 jaar";"134132";"64081";"70051"
"1993";"64 jaar";"132682";"62536";"70146"
"1993";"65 jaar";"126760";"59395";"67365"
"1993";"66 jaar";"125794";"58296";"67498"
"1993";"67 jaar";"123362";"56256";"67106"
"1993";"68 jaar";"122486";"54876";"67610"
"1993";"69 jaar";"122591";"54634";"67957"
"1993";"70 jaar";"116505";"51316";"65189"
"1993";"71 jaar";"114148";"49322";"64826"
"1993";"72 jaar";"112495";"47966";"64529"
"1993";"73 jaar";"91815";"38631";"53184"
"1993";"74 jaar";"85457";"34943";"50514"
"1993";"75 jaar";"84819";"34159";"50660"
"1993";"76 jaar";"81125";"31719";"49406"
"1993";"77 jaar";"75995";"29155";"46840"
"1993";"78 jaar";"75696";"28329";"47367"
"1993";"79 jaar";"70088";"25506";"44582"
"1993";"80 jaar";"64586";"22818";"41768"
"1993";"81 jaar";"56027";"18921";"37106"
"1993";"82 jaar";"51811";"16991";"34820"
"1993";"83 jaar";"47879";"14990";"32889"
"1993";"84 jaar";"42297";"12871";"29426"
"1993";"85 jaar";"36854";"10770";"26084"
"1993";"86 jaar";"31423";"8820";"22603"
"1993";"87 jaar";"26990";"7376";"19614"
"1993";"88 jaar";"22688";"6142";"16546"
"1993";"89 jaar";"18351";"4807";"13544"
"1993";"90 jaar";"14970";"3755";"11215"
"1993";"91 jaar";"11869";"2932";"8937"
"1993";"92 jaar";"8735";"2109";"6626"
"1993";"93 jaar";"6689";"1594";"5095"
"1993";"94 jaar";"4839";"1087";"3752"
"1993";"95 jaar of ouder";"10383";"2384";"7999"
"1993";"95 jaar";".";".";"."
"1993";"96 jaar";".";".";"."
"1993";"97 jaar";".";".";"."
"1993";"98 jaar";".";".";"."
"1993";"99 jaar";".";".";"."
"1993";"100 jaar";".";".";"."
"1993";"101 jaar";".";".";"."
"1993";"102 jaar";".";".";"."
"1993";"103 jaar";".";".";"."
"1993";"104 jaar";".";".";"."
"1993";"105 jaar of ouder";".";".";"."
"1994";"Totaal";"15341553";"7585887";"7755666"
"1994";"0 jaar";"194974";"99656";"95318"
"1994";"1 jaar";"196679";"100738";"95941"
"1994";"2 jaar";"199385";"101893";"97492"
"1994";"3 jaar";"199496";"102275";"97221"
"1994";"4 jaar";"191282";"97518";"93764"
"1994";"5 jaar";"189359";"96815";"92544"
"1994";"6 jaar";"190132";"97460";"92672"
"1994";"7 jaar";"188501";"95876";"92625"
"1994";"8 jaar";"183153";"93497";"89656"
"1994";"9 jaar";"179560";"91959";"87601"
"1994";"10 jaar";"175259";"89534";"85725"
"1994";"11 jaar";"177008";"90592";"86416"
"1994";"12 jaar";"183198";"93313";"89885"
"1994";"13 jaar";"186514";"95516";"90998"
"1994";"14 jaar";"181232";"92608";"88624"
"1994";"15 jaar";"182400";"93361";"89039"
"1994";"16 jaar";"180781";"92467";"88314"
"1994";"17 jaar";"185052";"95063";"89989"
"1994";"18 jaar";"188183";"95892";"92291"
"1994";"19 jaar";"199006";"101243";"97763"
"1994";"20 jaar";"209390";"105939";"103451"
"1994";"21 jaar";"230267";"116395";"113872"
"1994";"22 jaar";"245005";"124652";"120353"
"1994";"23 jaar";"257846";"131309";"126537"
"1994";"24 jaar";"266726";"136381";"130345"
"1994";"25 jaar";"256139";"130605";"125534"
"1994";"26 jaar";"255511";"130997";"124514"
"1994";"27 jaar";"258237";"132566";"125671"
"1994";"28 jaar";"263997";"135868";"128129"
"1994";"29 jaar";"269806";"138578";"131228"
"1994";"30 jaar";"266255";"136567";"129688"
"1994";"31 jaar";"262207";"134064";"128143"
"1994";"32 jaar";"260811";"133025";"127786"
"1994";"33 jaar";"254828";"130391";"124437"
"1994";"34 jaar";"253818";"129317";"124501"
"1994";"35 jaar";"247632";"126118";"121514"
"1994";"36 jaar";"243646";"123884";"119762"
"1994";"37 jaar";"240437";"122569";"117868"
"1994";"38 jaar";"235649";"119336";"116313"
"1994";"39 jaar";"233223";"118670";"114553"
"1994";"40 jaar";"231018";"117453";"113565"
"1994";"41 jaar";"231925";"118143";"113782"
"1994";"42 jaar";"225033";"114776";"110257"
"1994";"43 jaar";"226957";"115756";"111201"
"1994";"44 jaar";"230873";"117945";"112928"
"1994";"45 jaar";"238914";"122385";"116529"
"1994";"46 jaar";"252102";"128651";"123451"
"1994";"47 jaar";"260454";"133516";"126938"
"1994";"48 jaar";"187851";"96077";"91774"
"1994";"49 jaar";"196706";"100536";"96170"
"1994";"50 jaar";"186799";"95812";"90987"
"1994";"51 jaar";"172291";"88307";"83984"
"1994";"52 jaar";"164334";"84047";"80287"
"1994";"53 jaar";"168280";"85561";"82719"
"1994";"54 jaar";"162106";"81906";"80200"
"1994";"55 jaar";"158636";"80255";"78381"
"1994";"56 jaar";"149201";"75013";"74188"
"1994";"57 jaar";"148077";"74305";"73772"
"1994";"58 jaar";"144576";"72091";"72485"
"1994";"59 jaar";"142883";"70780";"72103"
"1994";"60 jaar";"139525";"68649";"70876"
"1994";"61 jaar";"142287";"69509";"72778"
"1994";"62 jaar";"138302";"67027";"71275"
"1994";"63 jaar";"139543";"67226";"72317"
"1994";"64 jaar";"132302";"62851";"69451"
"1994";"65 jaar";"130684";"61198";"69486"
"1994";"66 jaar";"124643";"57984";"66659"
"1994";"67 jaar";"123453";"56775";"66678"
"1994";"68 jaar";"120793";"54563";"66230"
"1994";"69 jaar";"119849";"53212";"66637"
"1994";"70 jaar";"119655";"52769";"66886"
"1994";"71 jaar";"113351";"49343";"64008"
"1994";"72 jaar";"110743";"47164";"63579"
"1994";"73 jaar";"108726";"45682";"63044"
"1994";"74 jaar";"88471";"36594";"51877"
"1994";"75 jaar";"82070";"32919";"49151"
"1994";"76 jaar";"81044";"31977";"49067"
"1994";"77 jaar";"77154";"29465";"47689"
"1994";"78 jaar";"71882";"26923";"44959"
"1994";"79 jaar";"71181";"25897";"45284"
"1994";"80 jaar";"65501";"23157";"42344"
"1994";"81 jaar";"59811";"20446";"39365"
"1994";"82 jaar";"51359";"16797";"34562"
"1994";"83 jaar";"47285";"14978";"32307"
"1994";"84 jaar";"43057";"12931";"30126"
"1994";"85 jaar";"37582";"11020";"26562"
"1994";"86 jaar";"32362";"9039";"23323"
"1994";"87 jaar";"27231";"7372";"19859"
"1994";"88 jaar";"22934";"6019";"16915"
"1994";"89 jaar";"18930";"4855";"14075"
"1994";"90 jaar";"14978";"3700";"11278"
"1994";"91 jaar";"11947";"2854";"9093"
"1994";"92 jaar";"9256";"2191";"7065"
"1994";"93 jaar";"6660";"1521";"5139"
"1994";"94 jaar";"4980";"1141";"3839"
"1994";"95 jaar of ouder";"10422";"2317";"8105"
"1994";"95 jaar";".";".";"."
"1994";"96 jaar";".";".";"."
"1994";"97 jaar";".";".";"."
"1994";"98 jaar";".";".";"."
"1994";"99 jaar";".";".";"."
"1994";"100 jaar";".";".";"."
"1994";"101 jaar";".";".";"."
"1994";"102 jaar";".";".";"."
"1994";"103 jaar";".";".";"."
"1994";"104 jaar";".";".";"."
"1994";"105 jaar of ouder";".";".";"."
"1995";"Totaal";"15424122";"7627482";"7796640"
"1995";"0 jaar";"195920";"100285";"95635"
"1995";"1 jaar";"195419";"99816";"95603"
"1995";"2 jaar";"197233";"101088";"96145"
"1995";"3 jaar";"200037";"102201";"97836"
"1995";"4 jaar";"200100";"102571";"97529"
"1995";"5 jaar";"191897";"97835";"94062"
"1995";"6 jaar";"189858";"97068";"92790"
"1995";"7 jaar";"190724";"97776";"92948"
"1995";"8 jaar";"189086";"96207";"92879"
"1995";"9 jaar";"183723";"93721";"90002"
"1995";"10 jaar";"180099";"92223";"87876"
"1995";"11 jaar";"175828";"89843";"85985"
"1995";"12 jaar";"177571";"90876";"86695"
"1995";"13 jaar";"183791";"93644";"90147"
"1995";"14 jaar";"187081";"95796";"91285"
"1995";"15 jaar";"181750";"92874";"88876"
"1995";"16 jaar";"183156";"93755";"89401"
"1995";"17 jaar";"181708";"92952";"88756"
"1995";"18 jaar";"186019";"95454";"90565"
"1995";"19 jaar";"189155";"96130";"93025"
"1995";"20 jaar";"199909";"101499";"98410"
"1995";"21 jaar";"210155";"106215";"103940"
"1995";"22 jaar";"231042";"116786";"114256"
"1995";"23 jaar";"245679";"124974";"120705"
"1995";"24 jaar";"258405";"131643";"126762"
"1995";"25 jaar";"267260";"136607";"130653"
"1995";"26 jaar";"256564";"130897";"125667"
"1995";"27 jaar";"255645";"131060";"124585"
"1995";"28 jaar";"258312";"132559";"125753"
"1995";"29 jaar";"264152";"135916";"128236"
"1995";"30 jaar";"269893";"138591";"131302"
"1995";"31 jaar";"266309";"136543";"129766"
"1995";"32 jaar";"262123";"133929";"128194"
"1995";"33 jaar";"260836";"132986";"127850"
"1995";"34 jaar";"254575";"130087";"124488"
"1995";"35 jaar";"253637";"129103";"124534"
"1995";"36 jaar";"247474";"125945";"121529"
"1995";"37 jaar";"243419";"123651";"119768"
"1995";"38 jaar";"240284";"122373";"117911"
"1995";"39 jaar";"235480";"119179";"116301"
"1995";"40 jaar";"232907";"118389";"114518"
"1995";"41 jaar";"230739";"117254";"113485"
"1995";"42 jaar";"231649";"117938";"113711"
"1995";"43 jaar";"224579";"114492";"110087"
"1995";"44 jaar";"226519";"115434";"111085"
"1995";"45 jaar";"230375";"117620";"112755"
"1995";"46 jaar";"238313";"122023";"116290"
"1995";"47 jaar";"251401";"128228";"123173"
"1995";"48 jaar";"259660";"133012";"126648"
"1995";"49 jaar";"187261";"95737";"91524"
"1995";"50 jaar";"195923";"100072";"95851"
"1995";"51 jaar";"185965";"95259";"90706"
"1995";"52 jaar";"171542";"87883";"83659"
"1995";"53 jaar";"163489";"83455";"80034"
"1995";"54 jaar";"167346";"85020";"82326"
"1995";"55 jaar";"161177";"81331";"79846"
"1995";"56 jaar";"157604";"79626";"77978"
"1995";"57 jaar";"148104";"74308";"73796"
"1995";"58 jaar";"146859";"73516";"73343"
"1995";"59 jaar";"143379";"71321";"72058"
"1995";"60 jaar";"141537";"69927";"71610"
"1995";"61 jaar";"138059";"67697";"70362"
"1995";"62 jaar";"140663";"68444";"72219"
"1995";"63 jaar";"136570";"65885";"70685"
"1995";"64 jaar";"137618";"65960";"71658"
"1995";"65 jaar";"130313";"61551";"68762"
"1995";"66 jaar";"128578";"59849";"68729"
"1995";"67 jaar";"122430";"56563";"65867"
"1995";"68 jaar";"120995";"55175";"65820"
"1995";"69 jaar";"118211";"52909";"65302"
"1995";"70 jaar";"117016";"51398";"65618"
"1995";"71 jaar";"116543";"50848";"65695"
"1995";"72 jaar";"110062";"47304";"62758"
"1995";"73 jaar";"107245";"45020";"62225"
"1995";"74 jaar";"104832";"43392";"61440"
"1995";"75 jaar";"84978";"34527";"50451"
"1995";"76 jaar";"78503";"30885";"47618"
"1995";"77 jaar";"77263";"29874";"47389"
"1995";"78 jaar";"73164";"27331";"45833"
"1995";"79 jaar";"67686";"24712";"42974"
"1995";"80 jaar";"66677";"23624";"43053"
"1995";"81 jaar";"60933";"20929";"40004"
"1995";"82 jaar";"55115";"18251";"36864"
"1995";"83 jaar";"46975";"14853";"32122"
"1995";"84 jaar";"42861";"13009";"29852"
"1995";"85 jaar";"38425";"11116";"27309"
"1995";"86 jaar";"33307";"9443";"23864"
"1995";"87 jaar";"28351";"7616";"20735"
"1995";"88 jaar";"23444";"6073";"17371"
"1995";"89 jaar";"19413";"4896";"14517"
"1995";"90 jaar";"15657";"3819";"11838"
"1995";"91 jaar";"12236";"2899";"9337"
"1995";"92 jaar";"9444";"2170";"7274"
"1995";"93 jaar";"7234";"1630";"5604"
"1995";"94 jaar";"5010";"1097";"3913"
"1995";"95 jaar of ouder";"10675";"2230";"8445"
"1995";"95 jaar";".";".";"."
"1995";"96 jaar";".";".";"."
"1995";"97 jaar";".";".";"."
"1995";"98 jaar";".";".";"."
"1995";"99 jaar";".";".";"."
"1995";"100 jaar";".";".";"."
"1995";"101 jaar";".";".";"."
"1995";"102 jaar";".";".";"."
"1995";"103 jaar";".";".";"."
"1995";"104 jaar";".";".";"."
"1995";"105 jaar of ouder";".";".";"."
"1996";"Totaal";"15493889";"7662289";"7831600"
"1996";"0 jaar";"190736";"97614";"93122"
"1996";"1 jaar";"196319";"100437";"95882"
"1996";"2 jaar";"195818";"100043";"95775"
"1996";"3 jaar";"197554";"101225";"96329"
"1996";"4 jaar";"200479";"102416";"98063"
"1996";"5 jaar";"200452";"102800";"97652"
"1996";"6 jaar";"192334";"98061";"94273"
"1996";"7 jaar";"190274";"97276";"92998"
"1996";"8 jaar";"191176";"98060";"93116"
"1996";"9 jaar";"189551";"96474";"93077"
"1996";"10 jaar";"184141";"93931";"90210"
"1996";"11 jaar";"180501";"92436";"88065"
"1996";"12 jaar";"176312";"90096";"86216"
"1996";"13 jaar";"177981";"91129";"86852"
"1996";"14 jaar";"184192";"93839";"90353"
"1996";"15 jaar";"187607";"96130";"91477"
"1996";"16 jaar";"182420";"93254";"89166"
"1996";"17 jaar";"184013";"94336";"89677"
"1996";"18 jaar";"182741";"93496";"89245"
"1996";"19 jaar";"187008";"95790";"91218"
"1996";"20 jaar";"189950";"96334";"93616"
"1996";"21 jaar";"200824";"101810";"99014"
"1996";"22 jaar";"210937";"106568";"104369"
"1996";"23 jaar";"231911";"117235";"114676"
"1996";"24 jaar";"246337";"125270";"121067"
"1996";"25 jaar";"258934";"131959";"126975"
"1996";"26 jaar";"267540";"136719";"130821"
"1996";"27 jaar";"256883";"131059";"125824"
"1996";"28 jaar";"255833";"131043";"124790"
"1996";"29 jaar";"258460";"132625";"125835"
"1996";"30 jaar";"264065";"135815";"128250"
"1996";"31 jaar";"269783";"138437";"131346"
"1996";"32 jaar";"266100";"136367";"129733"
"1996";"33 jaar";"261910";"133700";"128210"
"1996";"34 jaar";"260471";"132675";"127796"
"1996";"35 jaar";"254428";"129859";"124569"
"1996";"36 jaar";"253383";"128832";"124551"
"1996";"37 jaar";"247191";"125620";"121571"
"1996";"38 jaar";"243122";"123411";"119711"
"1996";"39 jaar";"239977";"122119";"117858"
"1996";"40 jaar";"235038";"118797";"116241"
"1996";"41 jaar";"232561";"118109";"114452"
"1996";"42 jaar";"230328";"117009";"113319"
"1996";"43 jaar";"231082";"117490";"113592"
"1996";"44 jaar";"224143";"114188";"109955"
"1996";"45 jaar";"225996";"115095";"110901"
"1996";"46 jaar";"229800";"117259";"112541"
"1996";"47 jaar";"237575";"121508";"116067"
"1996";"48 jaar";"250578";"127680";"122898"
"1996";"49 jaar";"258717";"132434";"126283"
"1996";"50 jaar";"186491";"95269";"91222"
"1996";"51 jaar";"194939";"99451";"95488"
"1996";"52 jaar";"185019";"94644";"90375"
"1996";"53 jaar";"170653";"87307";"83346"
"1996";"54 jaar";"162571";"82874";"79697"
"1996";"55 jaar";"166468";"84442";"82026"
"1996";"56 jaar";"160150";"80641";"79509"
"1996";"57 jaar";"156496";"78882";"77614"
"1996";"58 jaar";"146938";"73541";"73397"
"1996";"59 jaar";"145615";"72731";"72884"
"1996";"60 jaar";"142009";"70457";"71552"
"1996";"61 jaar";"140035";"68921";"71114"
"1996";"62 jaar";"136545";"66705";"69840"
"1996";"63 jaar";"138905";"67289";"71616"
"1996";"64 jaar";"134716";"64667";"70049"
"1996";"65 jaar";"135449";"64528";"70921"
"1996";"66 jaar";"128037";"60065";"67972"
"1996";"67 jaar";"126195";"58313";"67882"
"1996";"68 jaar";"119919";"54999";"64920"
"1996";"69 jaar";"118316";"53493";"64823"
"1996";"70 jaar";"115319";"51084";"64235"
"1996";"71 jaar";"114018";"49496";"64522"
"1996";"72 jaar";"113133";"48738";"64395"
"1996";"73 jaar";"106646";"45196";"61450"
"1996";"74 jaar";"103521";"42752";"60769"
"1996";"75 jaar";"100778";"41008";"59770"
"1996";"76 jaar";"81240";"32388";"48852"
"1996";"77 jaar";"74759";"28784";"45975"
"1996";"78 jaar";"73146";"27611";"45535"
"1996";"79 jaar";"68921";"25072";"43849"
"1996";"80 jaar";"63422";"22524";"40898"
"1996";"81 jaar";"61967";"21320";"40647"
"1996";"82 jaar";"56104";"18620";"37484"
"1996";"83 jaar";"50199";"16013";"34186"
"1996";"84 jaar";"42457";"12954";"29503"
"1996";"85 jaar";"38376";"11227";"27149"
"1996";"86 jaar";"33901";"9425";"24476"
"1996";"87 jaar";"28980";"7879";"21101"
"1996";"88 jaar";"24204";"6206";"17998"
"1996";"89 jaar";"19824";"4900";"14924"
"1996";"90 jaar";"16003";"3881";"12122"
"1996";"91 jaar";"12686";"2941";"9745"
"1996";"92 jaar";"9669";"2208";"7461"
"1996";"93 jaar";"7363";"1634";"5729"
"1996";"94 jaar";"5525";"1184";"4341"
"1996";"95 jaar of ouder";"10796";"2156";"8640"
"1996";"95 jaar";".";".";"."
"1996";"96 jaar";".";".";"."
"1996";"97 jaar";".";".";"."
"1996";"98 jaar";".";".";"."
"1996";"99 jaar";".";".";"."
"1996";"100 jaar";".";".";"."
"1996";"101 jaar";".";".";"."
"1996";"102 jaar";".";".";"."
"1996";"103 jaar";".";".";"."
"1996";"104 jaar";".";".";"."
"1996";"105 jaar of ouder";".";".";"."
"1997";"Totaal";"15567107";"7696803";"7870304"
"1997";"0 jaar";"190218";"97867";"92351"
"1997";"1 jaar";"191467";"97879";"93588"
"1997";"2 jaar";"196786";"100674";"96112"
"1997";"3 jaar";"196222";"100243";"95979"
"1997";"4 jaar";"198070";"101508";"96562"
"1997";"5 jaar";"200887";"102606";"98281"
"1997";"6 jaar";"200966";"103031";"97935"
"1997";"7 jaar";"192892";"98342";"94550"
"1997";"8 jaar";"190798";"97554";"93244"
"1997";"9 jaar";"191678";"98306";"93372"
"1997";"10 jaar";"190170";"96822";"93348"
"1997";"11 jaar";"184745";"94245";"90500"
"1997";"12 jaar";"181090";"92783";"88307"
"1997";"13 jaar";"176792";"90368";"86424"
"1997";"14 jaar";"178572";"91434";"87138"
"1997";"15 jaar";"184805";"94228";"90577"
"1997";"16 jaar";"188425";"96643";"91782"
"1997";"17 jaar";"183295";"93828";"89467"
"1997";"18 jaar";"185170";"94772";"90398"
"1997";"19 jaar";"184316";"93869";"90447"
"1997";"20 jaar";"188198";"96097";"92101"
"1997";"21 jaar";"191161";"96672";"94489"
"1997";"22 jaar";"202241";"102315";"99926"
"1997";"23 jaar";"212349";"107128";"105221"
"1997";"24 jaar";"233359";"117841";"115518"
"1997";"25 jaar";"247347";"125622";"121725"
"1997";"26 jaar";"259938";"132392";"127546"
"1997";"27 jaar";"268359";"137051";"131308"
"1997";"28 jaar";"257403";"131260";"126143"
"1997";"29 jaar";"256133";"131068";"125065"
"1997";"30 jaar";"258603";"132597";"126006"
"1997";"31 jaar";"263879";"135551";"128328"
"1997";"32 jaar";"269761";"138277";"131484"
"1997";"33 jaar";"266015";"136139";"129876"
"1997";"34 jaar";"261670";"133380";"128290"
"1997";"35 jaar";"260190";"132290";"127900"
"1997";"36 jaar";"254190";"129551";"124639"
"1997";"37 jaar";"252866";"128351";"124515"
"1997";"38 jaar";"246795";"125272";"121523"
"1997";"39 jaar";"242738";"123066";"119672"
"1997";"40 jaar";"239526";"121755";"117771"
"1997";"41 jaar";"234534";"118354";"116180"
"1997";"42 jaar";"232026";"117703";"114323"
"1997";"43 jaar";"229636";"116515";"113121"
"1997";"44 jaar";"230517";"117098";"113419"
"1997";"45 jaar";"223536";"113809";"109727"
"1997";"46 jaar";"225366";"114661";"110705"
"1997";"47 jaar";"228963";"116678";"112285"
"1997";"48 jaar";"236638";"120860";"115778"
"1997";"49 jaar";"249582";"127085";"122497"
"1997";"50 jaar";"257600";"131750";"125850"
"1997";"51 jaar";"185513";"94545";"90968"
"1997";"52 jaar";"193890";"98789";"95101"
"1997";"53 jaar";"183932";"93933";"89999"
"1997";"54 jaar";"169676";"86648";"83028"
"1997";"55 jaar";"161555";"82255";"79300"
"1997";"56 jaar";"165368";"83681";"81687"
"1997";"57 jaar";"158977";"79878";"79099"
"1997";"58 jaar";"155177";"78003";"77174"
"1997";"59 jaar";"145701";"72751";"72950"
"1997";"60 jaar";"144166";"71738";"72428"
"1997";"61 jaar";"140463";"69441";"71022"
"1997";"62 jaar";"138574";"67958";"70616"
"1997";"63 jaar";"134779";"65571";"69208"
"1997";"64 jaar";"137014";"66016";"70998"
"1997";"65 jaar";"132686";"63299";"69387"
"1997";"66 jaar";"133232";"63089";"70143"
"1997";"67 jaar";"125593";"58484";"67109"
"1997";"68 jaar";"123624";"56703";"66921"
"1997";"69 jaar";"117280";"53334";"63946"
"1997";"70 jaar";"115578";"51805";"63773"
"1997";"71 jaar";"112221";"49155";"63066"
"1997";"72 jaar";"110750";"47490";"63260"
"1997";"73 jaar";"109501";"46494";"63007"
"1997";"74 jaar";"102885";"42955";"59930"
"1997";"75 jaar";"99589";"40445";"59144"
"1997";"76 jaar";"96362";"38476";"57886"
"1997";"77 jaar";"77389";"30187";"47202"
"1997";"78 jaar";"70804";"26601";"44203"
"1997";"79 jaar";"68926";"25292";"43634"
"1997";"80 jaar";"64375";"22769";"41606"
"1997";"81 jaar";"59026";"20398";"38628"
"1997";"82 jaar";"57225";"19082";"38143"
"1997";"83 jaar";"51092";"16380";"34712"
"1997";"84 jaar";"45350";"13926";"31424"
"1997";"85 jaar";"37970";"11128";"26842"
"1997";"86 jaar";"33872";"9533";"24339"
"1997";"87 jaar";"29527";"7817";"21710"
"1997";"88 jaar";"24821";"6453";"18368"
"1997";"89 jaar";"20363";"4996";"15367"
"1997";"90 jaar";"16383";"3876";"12507"
"1997";"91 jaar";"12980";"2983";"9997"
"1997";"92 jaar";"10003";"2194";"7809"
"1997";"93 jaar";"7512";"1671";"5841"
"1997";"94 jaar";"5516";"1165";"4351"
"1997";"95 jaar of ouder";"11404";"2226";"9178"
"1997";"95 jaar";".";".";"."
"1997";"96 jaar";".";".";"."
"1997";"97 jaar";".";".";"."
"1997";"98 jaar";".";".";"."
"1997";"99 jaar";".";".";"."
"1997";"100 jaar";".";".";"."
"1997";"101 jaar";".";".";"."
"1997";"102 jaar";".";".";"."
"1997";"103 jaar";".";".";"."
"1997";"104 jaar";".";".";"."
"1997";"105 jaar of ouder";".";".";"."
"1998";"Totaal";"15654192";"7740074";"7914118"
"1998";"0 jaar";"192308";"98146";"94162"
"1998";"1 jaar";"191191";"98321";"92870"
"1998";"2 jaar";"191890";"98123";"93767"
"1998";"3 jaar";"197246";"100907";"96339"
"1998";"4 jaar";"196732";"100466";"96266"
"1998";"5 jaar";"198600";"101813";"96787"
"1998";"6 jaar";"201177";"102743";"98434"
"1998";"7 jaar";"201520";"103312";"98208"
"1998";"8 jaar";"193410";"98589";"94821"
"1998";"9 jaar";"191403";"97867";"93536"
"1998";"10 jaar";"192255";"98602";"93653"
"1998";"11 jaar";"190796";"97122";"93674"
"1998";"12 jaar";"185351";"94572";"90779"
"1998";"13 jaar";"181681";"93056";"88625"
"1998";"14 jaar";"177370";"90693";"86677"
"1998";"15 jaar";"179402";"91860";"87542"
"1998";"16 jaar";"185892";"94938";"90954"
"1998";"17 jaar";"189578";"97322";"92256"
"1998";"18 jaar";"184621";"94334";"90287"
"1998";"19 jaar";"186747";"95182";"91565"
"1998";"20 jaar";"185675";"94291";"91384"
"1998";"21 jaar";"189590";"96429";"93161"
"1998";"22 jaar";"192712";"97235";"95477"
"1998";"23 jaar";"203801";"102917";"100884"
"1998";"24 jaar";"213755";"107784";"105971"
"1998";"25 jaar";"234662";"118423";"116239"
"1998";"26 jaar";"248371";"126155";"122216"
"1998";"27 jaar";"261013";"132871";"128142"
"1998";"28 jaar";"269265";"137473";"131792"
"1998";"29 jaar";"258183";"131689";"126494"
"1998";"30 jaar";"256769";"131285";"125484"
"1998";"31 jaar";"258998";"132724";"126274"
"1998";"32 jaar";"264244";"135650";"128594"
"1998";"33 jaar";"269950";"138246";"131704"
"1998";"34 jaar";"266242";"136147";"130095"
"1998";"35 jaar";"261777";"133326";"128451"
"1998";"36 jaar";"260079";"132141";"127938"
"1998";"37 jaar";"254167";"129410";"124757"
"1998";"38 jaar";"252734";"128162";"124572"
"1998";"39 jaar";"246638";"125095";"121543"
"1998";"40 jaar";"242453";"122799";"119654"
"1998";"41 jaar";"239238";"121506";"117732"
"1998";"42 jaar";"234256";"118148";"116108"
"1998";"43 jaar";"231793";"117497";"114296"
"1998";"44 jaar";"229197";"116220";"112977"
"1998";"45 jaar";"230149";"116873";"113276"
"1998";"46 jaar";"222997";"113469";"109528"
"1998";"47 jaar";"224760";"114261";"110499"
"1998";"48 jaar";"228370";"116306";"112064"
"1998";"49 jaar";"235896";"120400";"115496"
"1998";"50 jaar";"248684";"126521";"122163"
"1998";"51 jaar";"256616";"131120";"125496"
"1998";"52 jaar";"184745";"94065";"90680"
"1998";"53 jaar";"192997";"98206";"94791"
"1998";"54 jaar";"183012";"93360";"89652"
"1998";"55 jaar";"168781";"86050";"82731"
"1998";"56 jaar";"160631";"81669";"78962"
"1998";"57 jaar";"164213";"82915";"81298"
"1998";"58 jaar";"157806";"79145";"78661"
"1998";"59 jaar";"153842";"77151";"76691"
"1998";"60 jaar";"144434";"71932";"72502"
"1998";"61 jaar";"142724";"70817";"71907"
"1998";"62 jaar";"139011";"68485";"70526"
"1998";"63 jaar";"136999";"66904";"70095"
"1998";"64 jaar";"133074";"64462";"68612"
"1998";"65 jaar";"134867";"64599";"70268"
"1998";"66 jaar";"130590";"61925";"68665"
"1998";"67 jaar";"130908";"61564";"69344"
"1998";"68 jaar";"123165";"56935";"66230"
"1998";"69 jaar";"121048";"55038";"66010"
"1998";"70 jaar";"114531";"51631";"62900"
"1998";"71 jaar";"112659";"49995";"62664"
"1998";"72 jaar";"109048";"47219";"61829"
"1998";"73 jaar";"107364";"45405";"61959"
"1998";"74 jaar";"105721";"44192";"61529"
"1998";"75 jaar";"98988";"40694";"58294"
"1998";"76 jaar";"95411";"38067";"57344"
"1998";"77 jaar";"92103";"36088";"56015"
"1998";"78 jaar";"73372";"27956";"45416"
"1998";"79 jaar";"66752";"24489";"42263"
"1998";"80 jaar";"64579";"23079";"41500"
"1998";"81 jaar";"59765";"20506";"39259"
"1998";"82 jaar";"54493";"18282";"36211"
"1998";"83 jaar";"52361";"16909";"35452"
"1998";"84 jaar";"46254";"14311";"31943"
"1998";"85 jaar";"40589";"11990";"28599"
"1998";"86 jaar";"33720";"9554";"24166"
"1998";"87 jaar";"29558";"7980";"21578"
"1998";"88 jaar";"25289";"6401";"18888"
"1998";"89 jaar";"20889";"5188";"15701"
"1998";"90 jaar";"16919";"3970";"12949"
"1998";"91 jaar";"13260";"3007";"10253"
"1998";"92 jaar";"10366";"2279";"8087"
"1998";"93 jaar";"7734";"1660";"6074"
"1998";"94 jaar";"5661";"1214";"4447"
"1998";"95 jaar of ouder";"11755";"2245";"9510"
"1998";"95 jaar";".";".";"."
"1998";"96 jaar";".";".";"."
"1998";"97 jaar";".";".";"."
"1998";"98 jaar";".";".";"."
"1998";"99 jaar";".";".";"."
"1998";"100 jaar";".";".";"."
"1998";"101 jaar";".";".";"."
"1998";"102 jaar";".";".";"."
"1998";"103 jaar";".";".";"."
"1998";"104 jaar";".";".";"."
"1998";"105 jaar of ouder";".";".";"."
"1999";"Totaal";"15760225";"7793271";"7966954"
"1999";"0 jaar";"199728";"102214";"97514"
"1999";"1 jaar";"193777";"98860";"94917"
"1999";"2 jaar";"192063";"98724";"93339"
"1999";"3 jaar";"192609";"98489";"94120"
"1999";"4 jaar";"197998";"101290";"96708"
"1999";"5 jaar";"197403";"100808";"96595"
"1999";"6 jaar";"199178";"102102";"97076"
"1999";"7 jaar";"201783";"103044";"98739"
"1999";"8 jaar";"202155";"103637";"98518"
"1999";"9 jaar";"194033";"98908";"95125"
"1999";"10 jaar";"192149";"98227";"93922"
"1999";"11 jaar";"192985";"98978";"94007"
"1999";"12 jaar";"191537";"97483";"94054"
"1999";"13 jaar";"186053";"94910";"91143"
"1999";"14 jaar";"182460";"93446";"89014"
"1999";"15 jaar";"178241";"91174";"87067"
"1999";"16 jaar";"180978";"92871";"88107"
"1999";"17 jaar";"187416";"95891";"91525"
"1999";"18 jaar";"191013";"97837";"93176"
"1999";"19 jaar";"186283";"94712";"91571"
"1999";"20 jaar";"188129";"95547";"92582"
"1999";"21 jaar";"187300";"94738";"92562"
"1999";"22 jaar";"191318";"97059";"94259"
"1999";"23 jaar";"194823";"98187";"96636"
"1999";"24 jaar";"205877";"103878";"101999"
"1999";"25 jaar";"215527";"108618";"106909"
"1999";"26 jaar";"236236";"119125";"117111"
"1999";"27 jaar";"249803";"126899";"122904"
"1999";"28 jaar";"262323";"133428";"128895"
"1999";"29 jaar";"270333";"138040";"132293"
"1999";"30 jaar";"259191";"132151";"127040"
"1999";"31 jaar";"257640";"131660";"125980"
"1999";"32 jaar";"259680";"132993";"126687"
"1999";"33 jaar";"264822";"135807";"129015"
"1999";"34 jaar";"270472";"138365";"132107"
"1999";"35 jaar";"266622";"136322";"130300"
"1999";"36 jaar";"262130";"133355";"128775"
"1999";"37 jaar";"260256";"132150";"128106"
"1999";"38 jaar";"254407";"129442";"124965"
"1999";"39 jaar";"252755";"128098";"124657"
"1999";"40 jaar";"246678";"125044";"121634"
"1999";"41 jaar";"242413";"122716";"119697"
"1999";"42 jaar";"239090";"121351";"117739"
"1999";"43 jaar";"234070";"117972";"116098"
"1999";"44 jaar";"231485";"117318";"114167"
"1999";"45 jaar";"228812";"115942";"112870"
"1999";"46 jaar";"229745";"116569";"113176"
"1999";"47 jaar";"222487";"113147";"109340"
"1999";"48 jaar";"224198";"113904";"110294"
"1999";"49 jaar";"227611";"115865";"111746"
"1999";"50 jaar";"235175";"119915";"115260"
"1999";"51 jaar";"247738";"125879";"121859"
"1999";"52 jaar";"255543";"130484";"125059"
"1999";"53 jaar";"183911";"93564";"90347"
"1999";"54 jaar";"192064";"97615";"94449"
"1999";"55 jaar";"182078";"92745";"89333"
"1999";"56 jaar";"167826";"85401";"82425"
"1999";"57 jaar";"159620";"81046";"78574"
"1999";"58 jaar";"163144";"82223";"80921"
"1999";"59 jaar";"156619";"78373";"78246"
"1999";"60 jaar";"152558";"76294";"76264"
"1999";"61 jaar";"143128";"71038";"72090"
"1999";"62 jaar";"141177";"69793";"71384"
"1999";"63 jaar";"137412";"67447";"69965"
"1999";"64 jaar";"135223";"65738";"69485"
"1999";"65 jaar";"131190";"63180";"68010"
"1999";"66 jaar";"132736";"63222";"69514"
"1999";"67 jaar";"128307";"60380";"67927"
"1999";"68 jaar";"128308";"59913";"68395"
"1999";"69 jaar";"120607";"55289";"65318"
"1999";"70 jaar";"118417";"53401";"65016"
"1999";"71 jaar";"111644";"49811";"61833"
"1999";"72 jaar";"109591";"48118";"61473"
"1999";"73 jaar";"105669";"45185";"60484"
"1999";"74 jaar";"103653";"43157";"60496"
"1999";"75 jaar";"101774";"41915";"59859"
"1999";"76 jaar";"94975";"38355";"56620"
"1999";"77 jaar";"91120";"35653";"55467"
"1999";"78 jaar";"87464";"33624";"53840"
"1999";"79 jaar";"69327";"25752";"43575"
"1999";"80 jaar";"62630";"22347";"40283"
"1999";"81 jaar";"60104";"20895";"39209"
"1999";"82 jaar";"55195";"18374";"36821"
"1999";"83 jaar";"49840";"16173";"33667"
"1999";"84 jaar";"47427";"14801";"32626"
"1999";"85 jaar";"41412";"12329";"29083"
"1999";"86 jaar";"35908";"10171";"25737"
"1999";"87 jaar";"29355";"8023";"21332"
"1999";"88 jaar";"25427";"6573";"18854"
"1999";"89 jaar";"21313";"5162";"16151"
"1999";"90 jaar";"17272";"4097";"13175"
"1999";"91 jaar";"13641";"2996";"10645"
"1999";"92 jaar";"10596";"2292";"8304"
"1999";"93 jaar";"8009";"1673";"6336"
"1999";"94 jaar";"5908";"1233";"4675"
"1999";"95 jaar of ouder";"12115";"2327";"9788"
"1999";"95 jaar";".";".";"."
"1999";"96 jaar";".";".";"."
"1999";"97 jaar";".";".";"."
"1999";"98 jaar";".";".";"."
"1999";"99 jaar";".";".";"."
"1999";"100 jaar";".";".";"."
"1999";"101 jaar";".";".";"."
"1999";"102 jaar";".";".";"."
"1999";"103 jaar";".";".";"."
"1999";"104 jaar";".";".";"."
"1999";"105 jaar of ouder";".";".";"."
"2000";"Totaal";"15863950";"7846317";"8017633"
"2000";"0 jaar";"201748";"103549";"98199"
"2000";"1 jaar";"201017";"102854";"98163"
"2000";"2 jaar";"194547";"99191";"95356"
"2000";"3 jaar";"192845";"99112";"93733"
"2000";"4 jaar";"193334";"98864";"94470"
"2000";"5 jaar";"198582";"101584";"96998"
"2000";"6 jaar";"197980";"101104";"96876"
"2000";"7 jaar";"199801";"102363";"97438"
"2000";"8 jaar";"202469";"103404";"99065"
"2000";"9 jaar";"202838";"104015";"98823"
"2000";"10 jaar";"194749";"99249";"95500"
"2000";"11 jaar";"192829";"98575";"94254"
"2000";"12 jaar";"193687";"99354";"94333"
"2000";"13 jaar";"192266";"97856";"94410"
"2000";"14 jaar";"186851";"95309";"91542"
"2000";"15 jaar";"183644";"94177";"89467"
"2000";"16 jaar";"179766";"92163";"87603"
"2000";"17 jaar";"182445";"93812";"88633"
"2000";"18 jaar";"188880";"96486";"92394"
"2000";"19 jaar";"192730";"98273";"94457"
"2000";"20 jaar";"187565";"95015";"92550"
"2000";"21 jaar";"189708";"96009";"93699"
"2000";"22 jaar";"189010";"95320";"93690"
"2000";"23 jaar";"193046";"97853";"95193"
"2000";"24 jaar";"196557";"99045";"97512"
"2000";"25 jaar";"207499";"104633";"102866"
"2000";"26 jaar";"217020";"109257";"107763"
"2000";"27 jaar";"237654";"119776";"117878"
"2000";"28 jaar";"250846";"127293";"123553"
"2000";"29 jaar";"263252";"133816";"129436"
"2000";"30 jaar";"270961";"138227";"132734"
"2000";"31 jaar";"259811";"132352";"127459"
"2000";"32 jaar";"258129";"131793";"126336"
"2000";"33 jaar";"260240";"133179";"127061"
"2000";"34 jaar";"265263";"135977";"129286"
"2000";"35 jaar";"270756";"138409";"132347"
"2000";"36 jaar";"266912";"136368";"130544"
"2000";"37 jaar";"262375";"133389";"128986"
"2000";"38 jaar";"260425";"132162";"128263"
"2000";"39 jaar";"254475";"129346";"125129"
"2000";"40 jaar";"252699";"127960";"124739"
"2000";"41 jaar";"246564";"124882";"121682"
"2000";"42 jaar";"242282";"122573";"119709"
"2000";"43 jaar";"238896";"121164";"117732"
"2000";"44 jaar";"233900";"117821";"116079"
"2000";"45 jaar";"231177";"117103";"114074"
"2000";"46 jaar";"228402";"115663";"112739"
"2000";"47 jaar";"229317";"116274";"113043"
"2000";"48 jaar";"221937";"112788";"109149"
"2000";"49 jaar";"223598";"113562";"110036"
"2000";"50 jaar";"226865";"115379";"111486"
"2000";"51 jaar";"234280";"119301";"114979"
"2000";"52 jaar";"246764";"125225";"121539"
"2000";"53 jaar";"254395";"129775";"124620"
"2000";"54 jaar";"183022";"93017";"90005"
"2000";"55 jaar";"191026";"96976";"94050"
"2000";"56 jaar";"181053";"92118";"88935"
"2000";"57 jaar";"166805";"84736";"82069"
"2000";"58 jaar";"158542";"80363";"78179"
"2000";"59 jaar";"162020";"81499";"80521"
"2000";"60 jaar";"155281";"77499";"77782"
"2000";"61 jaar";"151123";"75345";"75778"
"2000";"62 jaar";"141656";"70100";"71556"
"2000";"63 jaar";"139673";"68843";"70830"
"2000";"64 jaar";"135719";"66331";"69388"
"2000";"65 jaar";"133259";"64468";"68791"
"2000";"66 jaar";"129161";"61842";"67319"
"2000";"67 jaar";"130546";"61800";"68746"
"2000";"68 jaar";"125900";"58852";"67048"
"2000";"69 jaar";"125614";"58192";"67422"
"2000";"70 jaar";"117891";"53600";"64291"
"2000";"71 jaar";"115490";"51614";"63876"
"2000";"72 jaar";"108596";"47993";"60603"
"2000";"73 jaar";"106289";"46117";"60172"
"2000";"74 jaar";"102105";"43062";"59043"
"2000";"75 jaar";"99829";"40871";"58958"
"2000";"76 jaar";"97691";"39599";"58092"
"2000";"77 jaar";"90626";"35960";"54666"
"2000";"78 jaar";"86538";"33145";"53393"
"2000";"79 jaar";"82568";"31038";"51530"
"2000";"80 jaar";"65152";"23642";"41510"
"2000";"81 jaar";"58349";"20264";"38085"
"2000";"82 jaar";"55452";"18769";"36683"
"2000";"83 jaar";"50540";"16286";"34254"
"2000";"84 jaar";"45133";"14096";"31037"
"2000";"85 jaar";"42443";"12769";"29674"
"2000";"86 jaar";"36676";"10548";"26128"
"2000";"87 jaar";"31224";"8502";"22722"
"2000";"88 jaar";"25201";"6623";"18578"
"2000";"89 jaar";"21373";"5260";"16113"
"2000";"90 jaar";"17619";"4044";"13575"
"2000";"91 jaar";"13928";"3148";"10780"
"2000";"92 jaar";"10729";"2211";"8518"
"2000";"93 jaar";"8179";"1666";"6513"
"2000";"94 jaar";"5951";"1175";"4776"
"2000";"95 jaar of ouder";"12390";"2351";"10039"
"2000";"95 jaar";".";".";"."
"2000";"96 jaar";".";".";"."
"2000";"97 jaar";".";".";"."
"2000";"98 jaar";".";".";"."
"2000";"99 jaar";".";".";"."
"2000";"100 jaar";".";".";"."
"2000";"101 jaar";".";".";"."
"2000";"102 jaar";".";".";"."
"2000";"103 jaar";".";".";"."
"2000";"104 jaar";".";".";"."
"2000";"105 jaar of ouder";".";".";"."
"2001";"Totaal";"15987075";"7909855";"8077220"
"2001";"0 jaar";"207097";"105856";"101241"
"2001";"1 jaar";"203155";"104153";"99002"
"2001";"2 jaar";"201787";"103235";"98552"
"2001";"3 jaar";"195335";"99549";"95786"
"2001";"4 jaar";"193711";"99598";"94113"
"2001";"5 jaar";"194042";"99219";"94823"
"2001";"6 jaar";"199270";"101945";"97325"
"2001";"7 jaar";"198685";"101497";"97188"
"2001";"8 jaar";"200591";"102750";"97841"
"2001";"9 jaar";"203240";"103839";"99401"
"2001";"10 jaar";"203705";"104455";"99250"
"2001";"11 jaar";"195589";"99702";"95887"
"2001";"12 jaar";"193715";"99037";"94678"
"2001";"13 jaar";"194493";"99777";"94716"
"2001";"14 jaar";"193123";"98331";"94792"
"2001";"15 jaar";"188122";"96093";"92029"
"2001";"16 jaar";"185472";"95315";"90157"
"2001";"17 jaar";"181570";"93329";"88241"
"2001";"18 jaar";"184444";"94794";"89650"
"2001";"19 jaar";"190907";"97055";"93852"
"2001";"20 jaar";"194546";"98858";"95688"
"2001";"21 jaar";"189491";"95716";"93775"
"2001";"22 jaar";"192012";"96908";"95104"
"2001";"23 jaar";"191214";"96281";"94933"
"2001";"24 jaar";"195428";"98978";"96450"
"2001";"25 jaar";"198711";"100070";"98641"
"2001";"26 jaar";"209514";"105577";"103937"
"2001";"27 jaar";"218952";"110157";"108795"
"2001";"28 jaar";"239346";"120559";"118787"
"2001";"29 jaar";"252298";"127939";"124359"
"2001";"30 jaar";"264709";"134466";"130243"
"2001";"31 jaar";"272017";"138661";"133356"
"2001";"32 jaar";"260868";"132842";"128026"
"2001";"33 jaar";"259067";"132252";"126815"
"2001";"34 jaar";"260918";"133442";"127476"
"2001";"35 jaar";"266036";"136256";"129780"
"2001";"36 jaar";"271180";"138503";"132677"
"2001";"37 jaar";"267304";"136561";"130743"
"2001";"38 jaar";"262689";"133536";"129153"
"2001";"39 jaar";"260804";"132323";"128481"
"2001";"40 jaar";"254734";"129403";"125331"
"2001";"41 jaar";"252948";"128017";"124931"
"2001";"42 jaar";"246541";"124795";"121746"
"2001";"43 jaar";"242316";"122528";"119788"
"2001";"44 jaar";"238789";"121026";"117763"
"2001";"45 jaar";"233601";"117632";"115969"
"2001";"46 jaar";"230868";"116866";"114002"
"2001";"47 jaar";"228005";"115437";"112568"
"2001";"48 jaar";"228776";"115905";"112871"
"2001";"49 jaar";"221417";"112431";"108986"
"2001";"50 jaar";"223052";"113230";"109822"
"2001";"51 jaar";"226178";"114929";"111249"
"2001";"52 jaar";"233472";"118847";"114625"
"2001";"53 jaar";"245712";"124530";"121182"
"2001";"54 jaar";"253328";"129093";"124235"
"2001";"55 jaar";"182096";"92415";"89681"
"2001";"56 jaar";"189958";"96301";"93657"
"2001";"57 jaar";"179983";"91393";"88590"
"2001";"58 jaar";"165738";"84060";"81678"
"2001";"59 jaar";"157354";"79606";"77748"
"2001";"60 jaar";"160755";"80705";"80050"
"2001";"61 jaar";"153956";"76637";"77319"
"2001";"62 jaar";"149675";"74406";"75269"
"2001";"63 jaar";"140113";"69063";"71050"
"2001";"64 jaar";"138052";"67821";"70231"
"2001";"65 jaar";"133928";"65158";"68770"
"2001";"66 jaar";"131199";"63125";"68074"
"2001";"67 jaar";"127030";"60451";"66579"
"2001";"68 jaar";"128209";"60284";"67925"
"2001";"69 jaar";"123469";"57361";"66108"
"2001";"70 jaar";"122892";"56492";"66400"
"2001";"71 jaar";"115059";"51823";"63236"
"2001";"72 jaar";"112401";"49756";"62645"
"2001";"73 jaar";"105323";"46020";"59303"
"2001";"74 jaar";"102861";"44065";"58796"
"2001";"75 jaar";"98370";"40876";"57494"
"2001";"76 jaar";"95818";"38603";"57215"
"2001";"77 jaar";"93395";"37157";"56238"
"2001";"78 jaar";"86179";"33516";"52663"
"2001";"79 jaar";"81731";"30619";"51112"
"2001";"80 jaar";"77447";"28461";"48986"
"2001";"81 jaar";"60712";"21416";"39296"
"2001";"82 jaar";"53853";"18181";"35672"
"2001";"83 jaar";"50774";"16674";"34100"
"2001";"84 jaar";"45517";"14154";"31363"
"2001";"85 jaar";"40383";"12170";"28213"
"2001";"86 jaar";"37569";"10920";"26649"
"2001";"87 jaar";"31973";"8826";"23147"
"2001";"88 jaar";"26773";"7027";"19746"
"2001";"89 jaar";"21306";"5368";"15938"
"2001";"90 jaar";"17731";"4204";"13527"
"2001";"91 jaar";"14309";"3089";"11220"
"2001";"92 jaar";"11011";"2374";"8637"
"2001";"93 jaar";"8290";"1646";"6644"
"2001";"94 jaar";"6189";"1202";"4987"
"2001";"95 jaar of ouder";"12800";"2347";"10453"
"2001";"95 jaar";".";".";"."
"2001";"96 jaar";".";".";"."
"2001";"97 jaar";".";".";"."
"2001";"98 jaar";".";".";"."
"2001";"99 jaar";".";".";"."
"2001";"100 jaar";".";".";"."
"2001";"101 jaar";".";".";"."
"2001";"102 jaar";".";".";"."
"2001";"103 jaar";".";".";"."
"2001";"104 jaar";".";".";"."
"2001";"105 jaar of ouder";".";".";"."
"2002";"Totaal";"16105285";"7971967";"8133318"
"2002";"0 jaar";"204039";"104502";"99537"
"2002";"1 jaar";"208553";"106511";"102042"
"2002";"2 jaar";"203816";"104465";"99351"
"2002";"3 jaar";"202305";"103510";"98795"
"2002";"4 jaar";"195909";"99849";"96060"
"2002";"5 jaar";"194237";"99877";"94360"
"2002";"6 jaar";"194624";"99469";"95155"
"2002";"7 jaar";"199848";"102240";"97608"
"2002";"8 jaar";"199304";"101826";"97478"
"2002";"9 jaar";"201225";"103078";"98147"
"2002";"10 jaar";"203950";"104224";"99726"
"2002";"11 jaar";"204386";"104801";"99585"
"2002";"12 jaar";"196420";"100145";"96275"
"2002";"13 jaar";"194387";"99391";"94996"
"2002";"14 jaar";"195245";"100171";"95074"
"2002";"15 jaar";"194216";"98978";"95238"
"2002";"16 jaar";"189757";"97093";"92664"
"2002";"17 jaar";"187642";"96700";"90942"
"2002";"18 jaar";"183888";"94527";"89361"
"2002";"19 jaar";"186885";"95723";"91162"
"2002";"20 jaar";"193014";"97860";"95154"
"2002";"21 jaar";"196798";"99720";"97078"
"2002";"22 jaar";"191963";"96792";"95171"
"2002";"23 jaar";"194708";"98197";"96511"
"2002";"24 jaar";"193873";"97584";"96289"
"2002";"25 jaar";"197832";"100123";"97709"
"2002";"26 jaar";"201074";"101256";"99818"
"2002";"27 jaar";"211547";"106579";"104968"
"2002";"28 jaar";"220810";"111092";"109718"
"2002";"29 jaar";"240831";"121237";"119594"
"2002";"30 jaar";"253643";"128554";"125089"
"2002";"31 jaar";"265876";"135021";"130855"
"2002";"32 jaar";"272821";"138975";"133846"
"2002";"33 jaar";"261651";"133205";"128446"
"2002";"34 jaar";"259654";"132469";"127185"
"2002";"35 jaar";"261381";"133546";"127835"
"2002";"36 jaar";"266577";"136444";"130133"
"2002";"37 jaar";"271319";"138500";"132819"
"2002";"38 jaar";"267578";"136612";"130966"
"2002";"39 jaar";"262777";"133494";"129283"
"2002";"40 jaar";"260852";"132274";"128578"
"2002";"41 jaar";"254773";"129383";"125390"
"2002";"42 jaar";"253002";"128010";"124992"
"2002";"43 jaar";"246436";"124664";"121772"
"2002";"44 jaar";"242133";"122371";"119762"
"2002";"45 jaar";"238481";"120792";"117689"
"2002";"46 jaar";"233211";"117397";"115814"
"2002";"47 jaar";"230382";"116543";"113839"
"2002";"48 jaar";"227433";"115077";"112356"
"2002";"49 jaar";"228239";"115583";"112656"
"2002";"50 jaar";"220717";"112002";"108715"
"2002";"51 jaar";"222300";"112740";"109560"
"2002";"52 jaar";"225340";"114458";"110882"
"2002";"53 jaar";"232467";"118225";"114242"
"2002";"54 jaar";"244618";"123901";"120717"
"2002";"55 jaar";"252116";"128329";"123787"
"2002";"56 jaar";"181051";"91762";"89289"
"2002";"57 jaar";"188824";"95625";"93199"
"2002";"58 jaar";"178644";"90555";"88089"
"2002";"59 jaar";"164506";"83292";"81214"
"2002";"60 jaar";"156048";"78742";"77306"
"2002";"61 jaar";"159413";"79818";"79595"
"2002";"62 jaar";"152466";"75693";"76773"
"2002";"63 jaar";"148251";"73543";"74708"
"2002";"64 jaar";"138505";"68007";"70498"
"2002";"65 jaar";"136252";"66629";"69623"
"2002";"66 jaar";"132035";"63921";"68114"
"2002";"67 jaar";"129049";"61740";"67309"
"2002";"68 jaar";"124804";"59004";"65800"
"2002";"69 jaar";"125701";"58727";"66974"
"2002";"70 jaar";"120807";"55694";"65113"
"2002";"71 jaar";"119960";"54645";"65315"
"2002";"72 jaar";"112026";"49986";"62040"
"2002";"73 jaar";"109042";"47750";"61292"
"2002";"74 jaar";"101877";"43948";"57929"
"2002";"75 jaar";"99193";"41896";"57297"
"2002";"76 jaar";"94514";"38639";"55875"
"2002";"77 jaar";"91567";"36272";"55295"
"2002";"78 jaar";"88740";"34712";"54028"
"2002";"79 jaar";"81540";"31095";"50445"
"2002";"80 jaar";"76855";"28189";"48666"
"2002";"81 jaar";"72274";"25881";"46393"
"2002";"82 jaar";"56185";"19332";"36853"
"2002";"83 jaar";"49264";"16114";"33150"
"2002";"84 jaar";"46008";"14616";"31392"
"2002";"85 jaar";"40872";"12335";"28537"
"2002";"86 jaar";"35850";"10453";"25397"
"2002";"87 jaar";"32783";"9169";"23614"
"2002";"88 jaar";"27545";"7318";"20227"
"2002";"89 jaar";"22595";"5657";"16938"
"2002";"90 jaar";"17635";"4264";"13371"
"2002";"91 jaar";"14400";"3220";"11180"
"2002";"92 jaar";"11381";"2346";"9035"
"2002";"93 jaar";"8546";"1767";"6779"
"2002";"94 jaar";"6238";"1159";"5079"
"2002";"95 jaar of ouder";"13176";"2363";"10813"
"2002";"95 jaar";".";".";"."
"2002";"96 jaar";".";".";"."
"2002";"97 jaar";".";".";"."
"2002";"98 jaar";".";".";"."
"2002";"99 jaar";".";".";"."
"2002";"100 jaar";".";".";"."
"2002";"101 jaar";".";".";"."
"2002";"102 jaar";".";".";"."
"2002";"103 jaar";".";".";"."
"2002";"104 jaar";".";".";"."
"2002";"105 jaar of ouder";".";".";"."
"2003";"Totaal";"16192572";"8015471";"8177101"
"2003";"0 jaar";"202386";"103818";"98568"
"2003";"1 jaar";"205151";"104951";"100200"
"2003";"2 jaar";"208833";"106544";"102289"
"2003";"3 jaar";"203919";"104488";"99431"
"2003";"4 jaar";"202324";"103497";"98827"
"2003";"5 jaar";"195968";"99862";"96106"
"2003";"6 jaar";"194321";"99870";"94451"
"2003";"7 jaar";"194763";"99555";"95208"
"2003";"8 jaar";"200083";"102318";"97765"
"2003";"9 jaar";"199583";"101977";"97606"
"2003";"10 jaar";"201570";"103278";"98292"
"2003";"11 jaar";"204362";"104438";"99924"
"2003";"12 jaar";"204844";"105023";"99821"
"2003";"13 jaar";"196946";"100455";"96491"
"2003";"14 jaar";"195035";"99761";"95274"
"2003";"15 jaar";"196195";"100732";"95463"
"2003";"16 jaar";"195673";"99851";"95822"
"2003";"17 jaar";"191507";"98222";"93285"
"2003";"18 jaar";"189584";"97733";"91851"
"2003";"19 jaar";"185952";"95225";"90727"
"2003";"20 jaar";"188484";"96257";"92227"
"2003";"21 jaar";"194866";"98423";"96443"
"2003";"22 jaar";"198943";"100499";"98444"
"2003";"23 jaar";"194016";"97670";"96346"
"2003";"24 jaar";"196519";"98970";"97549"
"2003";"25 jaar";"195578";"98206";"97372"
"2003";"26 jaar";"199322";"100775";"98547"
"2003";"27 jaar";"202139";"101670";"100469"
"2003";"28 jaar";"212560";"106920";"105640"
"2003";"29 jaar";"221580";"111357";"110223"
"2003";"30 jaar";"241191";"121208";"119983"
"2003";"31 jaar";"253806";"128478";"125328"
"2003";"32 jaar";"265941";"134892";"131049"
"2003";"33 jaar";"272703";"138756";"133947"
"2003";"34 jaar";"261579";"133005";"128574"
"2003";"35 jaar";"259539";"132219";"127320"
"2003";"36 jaar";"261238";"133301";"127937"
"2003";"37 jaar";"266175";"136022";"130153"
"2003";"38 jaar";"270898";"138058";"132840"
"2003";"39 jaar";"267093";"136181";"130912"
"2003";"40 jaar";"262505";"133134";"129371"
"2003";"41 jaar";"260453";"131913";"128540"
"2003";"42 jaar";"254277";"128985";"125292"
"2003";"43 jaar";"252518";"127607";"124911"
"2003";"44 jaar";"245926";"124268";"121658"
"2003";"45 jaar";"241511";"121929";"119582"
"2003";"46 jaar";"237828";"120354";"117474"
"2003";"47 jaar";"232608";"116994";"115614"
"2003";"48 jaar";"229648";"116139";"113509"
"2003";"49 jaar";"226665";"114583";"112082"
"2003";"50 jaar";"227351";"115067";"112284"
"2003";"51 jaar";"219744";"111372";"108372"
"2003";"52 jaar";"221303";"112120";"109183"
"2003";"53 jaar";"224240";"113799";"110441"
"2003";"54 jaar";"231182";"117478";"113704"
"2003";"55 jaar";"243205";"123029";"120176"
"2003";"56 jaar";"250560";"127375";"123185"
"2003";"57 jaar";"179808";"91019";"88789"
"2003";"58 jaar";"187474";"94751";"92723"
"2003";"59 jaar";"177334";"89705";"87629"
"2003";"60 jaar";"163094";"82399";"80695"
"2003";"61 jaar";"154584";"77841";"76743"
"2003";"62 jaar";"157883";"78824";"79059"
"2003";"63 jaar";"150803";"74668";"76135"
"2003";"64 jaar";"146443";"72411";"74032"
"2003";"65 jaar";"136611";"66782";"69829"
"2003";"66 jaar";"134285";"65360";"68925"
"2003";"67 jaar";"129866";"62525";"67341"
"2003";"68 jaar";"126733";"60277";"66456"
"2003";"69 jaar";"122369";"57450";"64919"
"2003";"70 jaar";"122962";"57026";"65936"
"2003";"71 jaar";"117976";"53966";"64010"
"2003";"72 jaar";"116827";"52706";"64121"
"2003";"73 jaar";"108657";"47972";"60685"
"2003";"74 jaar";"105435";"45618";"59817"
"2003";"75 jaar";"98250";"41800";"56450"
"2003";"76 jaar";"95268";"39668";"55600"
"2003";"77 jaar";"90349";"36357";"53992"
"2003";"78 jaar";"87039";"33810";"53229"
"2003";"79 jaar";"83859";"32151";"51708"
"2003";"80 jaar";"76597";"28514";"48083"
"2003";"81 jaar";"71509";"25585";"45924"
"2003";"82 jaar";"66885";"23366";"43519"
"2003";"83 jaar";"51585";"17264";"34321"
"2003";"84 jaar";"44508";"14097";"30411"
"2003";"85 jaar";"41131";"12595";"28536"
"2003";"86 jaar";"36256";"10536";"25720"
"2003";"87 jaar";"31282";"8757";"22525"
"2003";"88 jaar";"28043";"7508";"20535"
"2003";"89 jaar";"23271";"5931";"17340"
"2003";"90 jaar";"18728";"4507";"14221"
"2003";"91 jaar";"14238";"3287";"10951"
"2003";"92 jaar";"11291";"2477";"8814"
"2003";"93 jaar";"8768";"1748";"7020"
"2003";"94 jaar";"6408";"1255";"5153"
"2003";"95 jaar of ouder";"13470";"2347";"11123"
"2003";"95 jaar";".";".";"."
"2003";"96 jaar";".";".";"."
"2003";"97 jaar";".";".";"."
"2003";"98 jaar";".";".";"."
"2003";"99 jaar";".";".";"."
"2003";"100 jaar";".";".";"."
"2003";"101 jaar";".";".";"."
"2003";"102 jaar";".";".";"."
"2003";"103 jaar";".";".";"."
"2003";"104 jaar";".";".";"."
"2003";"105 jaar of ouder";".";".";"."
"2004";"Totaal";"16258032";"8045914";"8212118"
"2004";"0 jaar";"200781";"103111";"97670"
"2004";"1 jaar";"203063";"104067";"98996"
"2004";"2 jaar";"205052";"104803";"100249"
"2004";"3 jaar";"208606";"106402";"102204"
"2004";"4 jaar";"203714";"104412";"99302"
"2004";"5 jaar";"202005";"103353";"98652"
"2004";"6 jaar";"195772";"99777";"95995"
"2004";"7 jaar";"194113";"99817";"94296"
"2004";"8 jaar";"194629";"99507";"95122"
"2004";"9 jaar";"199970";"102244";"97726"
"2004";"10 jaar";"199615";"101984";"97631"
"2004";"11 jaar";"201666";"103317";"98349"
"2004";"12 jaar";"204485";"104508";"99977"
"2004";"13 jaar";"205056";"105123";"99933"
"2004";"14 jaar";"197177";"100591";"96586"
"2004";"15 jaar";"195310";"99921";"95389"
"2004";"16 jaar";"196517";"100917";"95600"
"2004";"17 jaar";"196136";"100111";"96025"
"2004";"18 jaar";"192758";"98737";"94021"
"2004";"19 jaar";"191132";"98032";"93100"
"2004";"20 jaar";"187072";"95322";"91750"
"2004";"21 jaar";"189846";"96510";"93336"
"2004";"22 jaar";"196364";"98776";"97588"
"2004";"23 jaar";"200299";"100950";"99349"
"2004";"24 jaar";"195282";"98039";"97243"
"2004";"25 jaar";"197651";"99382";"98269"
"2004";"26 jaar";"196484";"98560";"97924"
"2004";"27 jaar";"199787";"100856";"98931"
"2004";"28 jaar";"202499";"101641";"100858"
"2004";"29 jaar";"212780";"106847";"105933"
"2004";"30 jaar";"221564";"111106";"110458"
"2004";"31 jaar";"241002";"120806";"120196"
"2004";"32 jaar";"253454";"128044";"125410"
"2004";"33 jaar";"265575";"134500";"131075"
"2004";"34 jaar";"272169";"138269";"133900"
"2004";"35 jaar";"261042";"132447";"128595"
"2004";"36 jaar";"259031";"131760";"127271"
"2004";"37 jaar";"260628";"132781";"127847"
"2004";"38 jaar";"265689";"135552";"130137"
"2004";"39 jaar";"270348";"137581";"132767"
"2004";"40 jaar";"266472";"135642";"130830"
"2004";"41 jaar";"261896";"132705";"129191"
"2004";"42 jaar";"259788";"131401";"128387"
"2004";"43 jaar";"253514";"128465";"125049"
"2004";"44 jaar";"251798";"127107";"124691"
"2004";"45 jaar";"245225";"123791";"121434"
"2004";"46 jaar";"240559";"121262";"119297"
"2004";"47 jaar";"237050";"119849";"117201"
"2004";"48 jaar";"231818";"116477";"115341"
"2004";"49 jaar";"228673";"115520";"113153"
"2004";"50 jaar";"225631";"113977";"111654"
"2004";"51 jaar";"226276";"114412";"111864"
"2004";"52 jaar";"218693";"110746";"107947"
"2004";"53 jaar";"220037";"111342";"108695"
"2004";"54 jaar";"222986";"113035";"109951"
"2004";"55 jaar";"229766";"116617";"113149"
"2004";"56 jaar";"241725";"122124";"119601"
"2004";"57 jaar";"248884";"126315";"122569"
"2004";"58 jaar";"178433";"90136";"88297"
"2004";"59 jaar";"185945";"93814";"92131"
"2004";"60 jaar";"175738";"88771";"86967"
"2004";"61 jaar";"161499";"81388";"80111"
"2004";"62 jaar";"153023";"76847";"76176"
"2004";"63 jaar";"156208";"77791";"78417"
"2004";"64 jaar";"149118";"73604";"75514"
"2004";"65 jaar";"144516";"71149";"73367"
"2004";"66 jaar";"134504";"65473";"69031"
"2004";"67 jaar";"132227";"64023";"68204"
"2004";"68 jaar";"127640";"61143";"66497"
"2004";"69 jaar";"124321";"58743";"65578"
"2004";"70 jaar";"119938";"55954";"63984"
"2004";"71 jaar";"120051";"55263";"64788"
"2004";"72 jaar";"114966";"52087";"62879"
"2004";"73 jaar";"113404";"50614";"62790"
"2004";"74 jaar";"105282";"45998";"59284"
"2004";"75 jaar";"101898";"43595";"58303"
"2004";"76 jaar";"94457";"39576";"54881"
"2004";"77 jaar";"91236";"37430";"53806"
"2004";"78 jaar";"85976";"34009";"51967"
"2004";"79 jaar";"82440";"31375";"51065"
"2004";"80 jaar";"78926";"29626";"49300"
"2004";"81 jaar";"71566";"25956";"45610"
"2004";"82 jaar";"66275";"23073";"43202"
"2004";"83 jaar";"61517";"20877";"40640"
"2004";"84 jaar";"46909";"15209";"31700"
"2004";"85 jaar";"39960";"12215";"27745"
"2004";"86 jaar";"36466";"10784";"25682"
"2004";"87 jaar";"31482";"8787";"22695"
"2004";"88 jaar";"26917";"7225";"19692"
"2004";"89 jaar";"23614";"6084";"17530"
"2004";"90 jaar";"19195";"4656";"14539"
"2004";"91 jaar";"15175";"3495";"11680"
"2004";"92 jaar";"11284";"2469";"8815"
"2004";"93 jaar";"8718";"1804";"6914"
"2004";"94 jaar";"6595";"1251";"5344"
"2004";"95 jaar of ouder";"13699";"2370";"11329"
"2004";"95 jaar";".";".";"."
"2004";"96 jaar";".";".";"."
"2004";"97 jaar";".";".";"."
"2004";"98 jaar";".";".";"."
"2004";"99 jaar";".";".";"."
"2004";"100 jaar";".";".";"."
"2004";"101 jaar";".";".";"."
"2004";"102 jaar";".";".";"."
"2004";"103 jaar";".";".";"."
"2004";"104 jaar";".";".";"."
"2004";"105 jaar of ouder";".";".";"."
"2005";"Totaal";"16305526";"8065979";"8239547"
"2005";"0 jaar";"193763";"99076";"94687"
"2005";"1 jaar";"201322";"103198";"98124"
"2005";"2 jaar";"202834";"103889";"98945"
"2005";"3 jaar";"204656";"104573";"100083"
"2005";"4 jaar";"208051";"106100";"101951"
"2005";"5 jaar";"203078";"104081";"98997"
"2005";"6 jaar";"201548";"103150";"98398"
"2005";"7 jaar";"195283";"99504";"95779"
"2005";"8 jaar";"193763";"99667";"94096"
"2005";"9 jaar";"194244";"99311";"94933"
"2005";"10 jaar";"199796";"102155";"97641"
"2005";"11 jaar";"199337";"101848";"97489"
"2005";"12 jaar";"201597";"103271";"98326"
"2005";"13 jaar";"204349";"104460";"99889"
"2005";"14 jaar";"204953";"105096";"99857"
"2005";"15 jaar";"197164";"100578";"96586"
"2005";"16 jaar";"195245";"99899";"95346"
"2005";"17 jaar";"196608";"100889";"95719"
"2005";"18 jaar";"196833";"100304";"96529"
"2005";"19 jaar";"193533";"98610";"94923"
"2005";"20 jaar";"191739";"97880";"93859"
"2005";"21 jaar";"188024";"95324";"92700"
"2005";"22 jaar";"190898";"96560";"94338"
"2005";"23 jaar";"197482";"99097";"98385"
"2005";"24 jaar";"201209";"101198";"100011"
"2005";"25 jaar";"196029";"98253";"97776"
"2005";"26 jaar";"198202";"99375";"98827"
"2005";"27 jaar";"196699";"98523";"98176"
"2005";"28 jaar";"199726";"100591";"99135"
"2005";"29 jaar";"202271";"101260";"101011"
"2005";"30 jaar";"212370";"106444";"105926"
"2005";"31 jaar";"221127";"110716";"110411"
"2005";"32 jaar";"240362";"120204";"120158"
"2005";"33 jaar";"252739";"127457";"125282"
"2005";"34 jaar";"264801";"133912";"130889"
"2005";"35 jaar";"271362";"137629";"133733"
"2005";"36 jaar";"260113";"131735";"128378"
"2005";"37 jaar";"258114";"131105";"127009"
"2005";"38 jaar";"259756";"132103";"127653"
"2005";"39 jaar";"264760";"134865";"129895"
"2005";"40 jaar";"269524";"137003";"132521"
"2005";"41 jaar";"265525";"134946";"130579"
"2005";"42 jaar";"261123";"132100";"129023"
"2005";"43 jaar";"258950";"130852";"128098"
"2005";"44 jaar";"252643";"127854";"124789"
"2005";"45 jaar";"250854";"126499";"124355"
"2005";"46 jaar";"244306";"123224";"121082"
"2005";"47 jaar";"239688";"120723";"118965"
"2005";"48 jaar";"236046";"119232";"116814"
"2005";"49 jaar";"230785";"115877";"114908"
"2005";"50 jaar";"227712";"114892";"112820"
"2005";"51 jaar";"224473";"113245";"111228"
"2005";"52 jaar";"225103";"113730";"111373"
"2005";"53 jaar";"217476";"109995";"107481"
"2005";"54 jaar";"218737";"110594";"108143"
"2005";"55 jaar";"221656";"112206";"109450"
"2005";"56 jaar";"228295";"115714";"112581"
"2005";"57 jaar";"240080";"121125";"118955"
"2005";"58 jaar";"247016";"125128";"121888"
"2005";"59 jaar";"177031";"89300";"87731"
"2005";"60 jaar";"184262";"92773";"91489"
"2005";"61 jaar";"174083";"87717";"86366"
"2005";"62 jaar";"159871";"80374";"79497"
"2005";"63 jaar";"151468";"75836";"75632"
"2005";"64 jaar";"154409";"76686";"77723"
"2005";"65 jaar";"147153";"72324";"74829"
"2005";"66 jaar";"142490";"69850";"72640"
"2005";"67 jaar";"132479";"64178";"68301"
"2005";"68 jaar";"130076";"62628";"67448"
"2005";"69 jaar";"125308";"59681";"65627"
"2005";"70 jaar";"121801";"57155";"64646"
"2005";"71 jaar";"117279";"54341";"62938"
"2005";"72 jaar";"117136";"53498";"63638"
"2005";"73 jaar";"111825";"50181";"61644"
"2005";"74 jaar";"109951";"48520";"61431"
"2005";"75 jaar";"101866";"44004";"57862"
"2005";"76 jaar";"98217";"41478";"56739"
"2005";"77 jaar";"90726";"37522";"53204"
"2005";"78 jaar";"87103";"35141";"51962"
"2005";"79 jaar";"81687";"31766";"49921"
"2005";"80 jaar";"77791";"29033";"48758"
"2005";"81 jaar";"73968";"27091";"46877"
"2005";"82 jaar";"66618";"23614";"43004"
"2005";"83 jaar";"61049";"20800";"40249"
"2005";"84 jaar";"56151";"18557";"37594"
"2005";"85 jaar";"42423";"13333";"29090"
"2005";"86 jaar";"35589";"10564";"25025"
"2005";"87 jaar";"32106";"9139";"22967"
"2005";"88 jaar";"27341";"7323";"20018"
"2005";"89 jaar";"22898";"5873";"17025"
"2005";"90 jaar";"19789";"4902";"14887"
"2005";"91 jaar";"15779";"3656";"12123"
"2005";"92 jaar";"12161";"2687";"9474"
"2005";"93 jaar";"8900";"1885";"7015"
"2005";"94 jaar";"6655";"1316";"5339"
"2005";"95 jaar of ouder";"14355";"2424";"11931"
"2005";"95 jaar";".";".";"."
"2005";"96 jaar";".";".";"."
"2005";"97 jaar";".";".";"."
"2005";"98 jaar";".";".";"."
"2005";"99 jaar";".";".";"."
"2005";"100 jaar";".";".";"."
"2005";"101 jaar";".";".";"."
"2005";"102 jaar";".";".";"."
"2005";"103 jaar";".";".";"."
"2005";"104 jaar";".";".";"."
"2005";"105 jaar of ouder";".";".";"."
"2006";"Totaal";"16334210";"8077407";"8256803"
"2006";"0 jaar";"187172";"95904";"91268"
"2006";"1 jaar";"193959";"99050";"94909"
"2006";"2 jaar";"200902";"102865";"98037"
"2006";"3 jaar";"202201";"103536";"98665"
"2006";"4 jaar";"203918";"104215";"99703"
"2006";"5 jaar";"207200";"105694";"101506"
"2006";"6 jaar";"202330";"103707";"98623"
"2006";"7 jaar";"200905";"102810";"98095"
"2006";"8 jaar";"194756";"99230";"95526"
"2006";"9 jaar";"193386";"99476";"93910"
"2006";"10 jaar";"193786";"99078";"94708"
"2006";"11 jaar";"199443";"102004";"97439"
"2006";"12 jaar";"199107";"101710";"97397"
"2006";"13 jaar";"201332";"103121";"98211"
"2006";"14 jaar";"204187";"104353";"99834"
"2006";"15 jaar";"204774";"104990";"99784"
"2006";"16 jaar";"197082";"100500";"96582"
"2006";"17 jaar";"195317";"99856";"95461"
"2006";"18 jaar";"196835";"100905";"95930"
"2006";"19 jaar";"197034";"100121";"96913"
"2006";"20 jaar";"193847";"98421";"95426"
"2006";"21 jaar";"192308";"97718";"94590"
"2006";"22 jaar";"188814";"95416";"93398"
"2006";"23 jaar";"191763";"96773";"94990"
"2006";"24 jaar";"198012";"99130";"98882"
"2006";"25 jaar";"201640";"101274";"100366"
"2006";"26 jaar";"196171";"98154";"98017"
"2006";"27 jaar";"198191";"99141";"99050"
"2006";"28 jaar";"196522";"98385";"98137"
"2006";"29 jaar";"199351";"100290";"99061"
"2006";"30 jaar";"201765";"100855";"100910"
"2006";"31 jaar";"211717";"105968";"105749"
"2006";"32 jaar";"220354";"110143";"110211"
"2006";"33 jaar";"239435";"119604";"119831"
"2006";"34 jaar";"251675";"126724";"124951"
"2006";"35 jaar";"263603";"133022";"130581"
"2006";"36 jaar";"270085";"136716";"133369"
"2006";"37 jaar";"258908";"130917";"127991"
"2006";"38 jaar";"257030";"130361";"126669"
"2006";"39 jaar";"258649";"131335";"127314"
"2006";"40 jaar";"263641";"134125";"129516"
"2006";"41 jaar";"268478";"136243";"132235"
"2006";"42 jaar";"264564";"134322";"130242"
"2006";"43 jaar";"260097";"131386";"128711"
"2006";"44 jaar";"257917";"130166";"127751"
"2006";"45 jaar";"251613";"127175";"124438"
"2006";"46 jaar";"249787";"125824";"123963"
"2006";"47 jaar";"243254";"122597";"120657"
"2006";"48 jaar";"238628";"120070";"118558"
"2006";"49 jaar";"234874";"118515";"116359"
"2006";"50 jaar";"229556";"115128";"114428"
"2006";"51 jaar";"226566";"114194";"112372"
"2006";"52 jaar";"223285";"112524";"110761"
"2006";"53 jaar";"223895";"113040";"110855"
"2006";"54 jaar";"216223";"109238";"106985"
"2006";"55 jaar";"217344";"109768";"107576"
"2006";"56 jaar";"220205";"111301";"108904"
"2006";"57 jaar";"226695";"114811";"111884"
"2006";"58 jaar";"238262";"120042";"118220"
"2006";"59 jaar";"245106";"124005";"121101"
"2006";"60 jaar";"175449";"88321";"87128"
"2006";"61 jaar";"182579";"91722";"90857"
"2006";"62 jaar";"172285";"86555";"85730"
"2006";"63 jaar";"158206";"79322";"78884"
"2006";"64 jaar";"149776";"74775";"75001"
"2006";"65 jaar";"152324";"75363";"76961"
"2006";"66 jaar";"145030";"70920";"74110"
"2006";"67 jaar";"140390";"68502";"71888"
"2006";"68 jaar";"130362";"62848";"67514"
"2006";"69 jaar";"127840";"61212";"66628"
"2006";"70 jaar";"122943";"58183";"64760"
"2006";"71 jaar";"119160";"55508";"63652"
"2006";"72 jaar";"114487";"52642";"61845"
"2006";"73 jaar";"114087";"51629";"62458"
"2006";"74 jaar";"108587";"48276";"60311"
"2006";"75 jaar";"106301";"46396";"59905"
"2006";"76 jaar";"98339";"41956";"56383"
"2006";"77 jaar";"94211";"39225";"54986"
"2006";"78 jaar";"86653";"35315";"51338"
"2006";"79 jaar";"82729";"32768";"49961"
"2006";"80 jaar";"77213";"29486";"47727"
"2006";"81 jaar";"73022";"26559";"46463"
"2006";"82 jaar";"68844";"24581";"44263"
"2006";"83 jaar";"61458";"21215";"40243"
"2006";"84 jaar";"55878";"18484";"37394"
"2006";"85 jaar";"50832";"16314";"34518"
"2006";"86 jaar";"37980";"11600";"26380"
"2006";"87 jaar";"31389";"8957";"22432"
"2006";"88 jaar";"27907";"7669";"20238"
"2006";"89 jaar";"23261";"5968";"17293"
"2006";"90 jaar";"19185";"4709";"14476"
"2006";"91 jaar";"16298";"3859";"12439"
"2006";"92 jaar";"12601";"2808";"9793"
"2006";"93 jaar";"9529";"1975";"7554"
"2006";"94 jaar";"6785";"1341";"5444"
"2006";"95 jaar of ouder";"14834";"2498";"12336"
"2006";"95 jaar";".";".";"."
"2006";"96 jaar";".";".";"."
"2006";"97 jaar";".";".";"."
"2006";"98 jaar";".";".";"."
"2006";"99 jaar";".";".";"."
"2006";"100 jaar";".";".";"."
"2006";"101 jaar";".";".";"."
"2006";"102 jaar";".";".";"."
"2006";"103 jaar";".";".";"."
"2006";"104 jaar";".";".";"."
"2006";"105 jaar of ouder";".";".";"."
"2007";"Totaal";"16357992";"8088514";"8269478"
"2007";"0 jaar";"184425";"94628";"89797"
"2007";"1 jaar";"187237";"95879";"91358"
"2007";"2 jaar";"193486";"98795";"94691"
"2007";"3 jaar";"200292";"102502";"97790"
"2007";"4 jaar";"201441";"103110";"98331"
"2007";"5 jaar";"203070";"103786";"99284"
"2007";"6 jaar";"206442";"105293";"101149"
"2007";"7 jaar";"201728";"103411";"98317"
"2007";"8 jaar";"200332";"102511";"97821"
"2007";"9 jaar";"194425";"99057";"95368"
"2007";"10 jaar";"193053";"99300";"93753"
"2007";"11 jaar";"193557";"98962";"94595"
"2007";"12 jaar";"199162";"101862";"97300"
"2007";"13 jaar";"198843";"101592";"97251"
"2007";"14 jaar";"201122";"103032";"98090"
"2007";"15 jaar";"204019";"104244";"99775"
"2007";"16 jaar";"204730";"104964";"99766"
"2007";"17 jaar";"197088";"100501";"96587"
"2007";"18 jaar";"195474";"99876";"95598"
"2007";"19 jaar";"197177";"100848";"96329"
"2007";"20 jaar";"197397";"100087";"97310"
"2007";"21 jaar";"194090";"98256";"95834"
"2007";"22 jaar";"192980";"97756";"95224"
"2007";"23 jaar";"189525";"95531";"93994"
"2007";"24 jaar";"192043";"96758";"95285"
"2007";"25 jaar";"198016";"99011";"99005"
"2007";"26 jaar";"201543";"101185";"100358"
"2007";"27 jaar";"196122";"98066";"98056"
"2007";"28 jaar";"197902";"98929";"98973"
"2007";"29 jaar";"195894";"97955";"97939"
"2007";"30 jaar";"198682";"99831";"98851"
"2007";"31 jaar";"201079";"100439";"100640"
"2007";"32 jaar";"210806";"105391";"105415"
"2007";"33 jaar";"219220";"109403";"109817"
"2007";"34 jaar";"238361";"118959";"119402"
"2007";"35 jaar";"250631";"126059";"124572"
"2007";"36 jaar";"262450";"132235";"130215"
"2007";"37 jaar";"268804";"135864";"132940"
"2007";"38 jaar";"257643";"130123";"127520"
"2007";"39 jaar";"255948";"129656";"126292"
"2007";"40 jaar";"257449";"130545";"126904"
"2007";"41 jaar";"262504";"133354";"129150"
"2007";"42 jaar";"267298";"135432";"131866"
"2007";"43 jaar";"263501";"133575";"129926"
"2007";"44 jaar";"259072";"130757";"128315"
"2007";"45 jaar";"256966";"129562";"127404"
"2007";"46 jaar";"250473";"126424";"124049"
"2007";"47 jaar";"248624";"125088";"123536"
"2007";"48 jaar";"242208";"121941";"120267"
"2007";"49 jaar";"237498";"119389";"118109"
"2007";"50 jaar";"233770";"117826";"115944"
"2007";"51 jaar";"228436";"114457";"113979"
"2007";"52 jaar";"225290";"113404";"111886"
"2007";"53 jaar";"222074";"111856";"110218"
"2007";"54 jaar";"222658";"112296";"110362"
"2007";"55 jaar";"214882";"108488";"106394"
"2007";"56 jaar";"215916";"108904";"107012"
"2007";"57 jaar";"218682";"110398";"108284"
"2007";"58 jaar";"225047";"113840";"111207"
"2007";"59 jaar";"236515";"118996";"117519"
"2007";"60 jaar";"243069";"122767";"120302"
"2007";"61 jaar";"173827";"87335";"86492"
"2007";"62 jaar";"180773";"90574";"90199"
"2007";"63 jaar";"170390";"85380";"85010"
"2007";"64 jaar";"156479";"78219";"78260"
"2007";"65 jaar";"147934";"73599";"74335"
"2007";"66 jaar";"150280";"74069";"76211"
"2007";"67 jaar";"142966";"69635";"73331"
"2007";"68 jaar";"138168";"67084";"71084"
"2007";"69 jaar";"128144";"61465";"66679"
"2007";"70 jaar";"125524";"59709";"65815"
"2007";"71 jaar";"120383";"56592";"63791"
"2007";"72 jaar";"116493";"53868";"62625"
"2007";"73 jaar";"111664";"50928";"60736"
"2007";"74 jaar";"110901";"49735";"61166"
"2007";"75 jaar";"105259";"46368";"58891"
"2007";"76 jaar";"102719";"44358";"58361"
"2007";"77 jaar";"94500";"39800";"54700"
"2007";"78 jaar";"90111";"36968";"53143"
"2007";"79 jaar";"82464";"33039";"49425"
"2007";"80 jaar";"78310";"30415";"47895"
"2007";"81 jaar";"72612";"27197";"45415"
"2007";"82 jaar";"68139";"24244";"43895"
"2007";"83 jaar";"63775";"22191";"41584"
"2007";"84 jaar";"56318";"18993";"37325"
"2007";"85 jaar";"50727";"16384";"34343"
"2007";"86 jaar";"45412";"14074";"31338"
"2007";"87 jaar";"33531";"9878";"23653"
"2007";"88 jaar";"27305";"7508";"19797"
"2007";"89 jaar";"23886";"6333";"17553"
"2007";"90 jaar";"19562";"4868";"14694"
"2007";"91 jaar";"15712";"3686";"12026"
"2007";"92 jaar";"13222";"2977";"10245"
"2007";"93 jaar";"9885";"2082";"7803"
"2007";"94 jaar";"7228";"1434";"5794"
"2007";"95 jaar of ouder";"15218";"2579";"12639"
"2007";"95 jaar";".";".";"."
"2007";"96 jaar";".";".";"."
"2007";"97 jaar";".";".";"."
"2007";"98 jaar";".";".";"."
"2007";"99 jaar";".";".";"."
"2007";"100 jaar";".";".";"."
"2007";"101 jaar";".";".";"."
"2007";"102 jaar";".";".";"."
"2007";"103 jaar";".";".";"."
"2007";"104 jaar";".";".";"."
"2007";"105 jaar of ouder";".";".";"."
"2008";"Totaal";"16405399";"8112073";"8293326"
"2008";"0 jaar";"180762";"92212";"88550"
"2008";"1 jaar";"184697";"94737";"89960"
"2008";"2 jaar";"187173";"95788";"91385"
"2008";"3 jaar";"193175";"98583";"94592"
"2008";"4 jaar";"199920";"102303";"97617"
"2008";"5 jaar";"200896";"102861";"98035"
"2008";"6 jaar";"202601";"103559";"99042"
"2008";"7 jaar";"206097";"105151";"100946"
"2008";"8 jaar";"201458";"103248";"98210"
"2008";"9 jaar";"200093";"102381";"97712"
"2008";"10 jaar";"194269";"98999";"95270"
"2008";"11 jaar";"193026";"99306";"93720"
"2008";"12 jaar";"193508";"98971";"94537"
"2008";"13 jaar";"199132";"101850";"97282"
"2008";"14 jaar";"198917";"101653";"97264"
"2008";"15 jaar";"201167";"103066";"98101"
"2008";"16 jaar";"204250";"104322";"99928"
"2008";"17 jaar";"204971";"105077";"99894"
"2008";"18 jaar";"197693";"100773";"96920"
"2008";"19 jaar";"196645";"100248";"96397"
"2008";"20 jaar";"198534";"101223";"97311"
"2008";"21 jaar";"198833";"100443";"98390"
"2008";"22 jaar";"195373";"98582";"96791"
"2008";"23 jaar";"194383";"98327";"96056"
"2008";"24 jaar";"190634";"96022";"94612"
"2008";"25 jaar";"193264";"97285";"95979"
"2008";"26 jaar";"199093";"99556";"99537"
"2008";"27 jaar";"202251";"101405";"100846"
"2008";"28 jaar";"196597";"98308";"98289"
"2008";"29 jaar";"198501";"99167";"99334"
"2008";"30 jaar";"195896";"97877";"98019"
"2008";"31 jaar";"198645";"99708";"98937"
"2008";"32 jaar";"201048";"100453";"100595"
"2008";"33 jaar";"210546";"105216";"105330"
"2008";"34 jaar";"218846";"109215";"109631"
"2008";"35 jaar";"237886";"118639";"119247"
"2008";"36 jaar";"250019";"125709";"124310"
"2008";"37 jaar";"261709";"131718";"129991"
"2008";"38 jaar";"267993";"135385";"132608"
"2008";"39 jaar";"257012";"129682";"127330"
"2008";"40 jaar";"255160";"129122";"126038"
"2008";"41 jaar";"256748";"130096";"126652"
"2008";"42 jaar";"261722";"132863";"128859"
"2008";"43 jaar";"266525";"134974";"131551"
"2008";"44 jaar";"262749";"133141";"129608"
"2008";"45 jaar";"258270";"130223";"128047"
"2008";"46 jaar";"256047";"128944";"127103"
"2008";"47 jaar";"249676";"125925";"123751"
"2008";"48 jaar";"247740";"124556";"123184"
"2008";"49 jaar";"241280";"121393";"119887"
"2008";"50 jaar";"236586";"118863";"117723"
"2008";"51 jaar";"232821";"117285";"115536"
"2008";"52 jaar";"227366";"113852";"113514"
"2008";"53 jaar";"224177";"112782";"111395"
"2008";"54 jaar";"220903";"111108";"109795"
"2008";"55 jaar";"221370";"111554";"109816"
"2008";"56 jaar";"213644";"107754";"105890"
"2008";"57 jaar";"214508";"108072";"106436"
"2008";"58 jaar";"217130";"109458";"107672"
"2008";"59 jaar";"223359";"112801";"110558"
"2008";"60 jaar";"234567";"117800";"116767"
"2008";"61 jaar";"240914";"121477";"119437"
"2008";"62 jaar";"172184";"86318";"85866"
"2008";"63 jaar";"178934";"89427";"89507"
"2008";"64 jaar";"168680";"84318";"84362"
"2008";"65 jaar";"154591";"77022";"77569"
"2008";"66 jaar";"145916";"72305";"73611"
"2008";"67 jaar";"148227";"72748";"75479"
"2008";"68 jaar";"140833";"68325";"72508"
"2008";"69 jaar";"135892";"65675";"70217"
"2008";"70 jaar";"125805";"60003";"65802"
"2008";"71 jaar";"123104";"58170";"64934"
"2008";"72 jaar";"117788";"55007";"62781"
"2008";"73 jaar";"113670";"52190";"61480"
"2008";"74 jaar";"108668";"49147";"59521"
"2008";"75 jaar";"107616";"47800";"59816"
"2008";"76 jaar";"101781";"44305";"57476"
"2008";"77 jaar";"98929";"42183";"56746"
"2008";"78 jaar";"90581";"37624";"52957"
"2008";"79 jaar";"85936";"34660";"51276"
"2008";"80 jaar";"78299";"30861";"47438"
"2008";"81 jaar";"73890";"28154";"45736"
"2008";"82 jaar";"67988";"24908";"43080"
"2008";"83 jaar";"63215";"21984";"41231"
"2008";"84 jaar";"58571";"19813";"38758"
"2008";"85 jaar";"51239";"16813";"34426"
"2008";"86 jaar";"45668";"14342";"31326"
"2008";"87 jaar";"40263";"12095";"28168"
"2008";"88 jaar";"29334";"8292";"21042"
"2008";"89 jaar";"23587";"6238";"17349"
"2008";"90 jaar";"20092";"5072";"15020"
"2008";"91 jaar";"16195";"3840";"12355"
"2008";"92 jaar";"12722";"2815";"9907"
"2008";"93 jaar";"10630";"2290";"8340"
"2008";"94 jaar";"7692";"1543";"6149"
"2008";"95 jaar of ouder";"16104";"2735";"13369"
"2008";"95 jaar";".";".";"."
"2008";"96 jaar";".";".";"."
"2008";"97 jaar";".";".";"."
"2008";"98 jaar";".";".";"."
"2008";"99 jaar";".";".";"."
"2008";"100 jaar";".";".";"."
"2008";"101 jaar";".";".";"."
"2008";"102 jaar";".";".";"."
"2008";"103 jaar";".";".";"."
"2008";"104 jaar";".";".";"."
"2008";"105 jaar of ouder";".";".";"."
"2009";"Totaal";"16485787";"8156396";"8329391"
"2009";"0 jaar";"184408";"94691";"89717"
"2009";"1 jaar";"181569";"92606";"88963"
"2009";"2 jaar";"185053";"94857";"90196"
"2009";"3 jaar";"187324";"95888";"91436"
"2009";"4 jaar";"193202";"98630";"94572"
"2009";"5 jaar";"199816";"102276";"97540"
"2009";"6 jaar";"200712";"102762";"97950"
"2009";"7 jaar";"202523";"103510";"99013"
"2009";"8 jaar";"206110";"105166";"100944"
"2009";"9 jaar";"201473";"103282";"98191"
"2009";"10 jaar";"200150";"102407";"97743"
"2009";"11 jaar";"194448";"99103";"95345"
"2009";"12 jaar";"193216";"99403";"93813"
"2009";"13 jaar";"193746";"99109";"94637"
"2009";"14 jaar";"199308";"101951";"97357"
"2009";"15 jaar";"199068";"101718";"97350"
"2009";"16 jaar";"201494";"103270";"98224"
"2009";"17 jaar";"204621";"104492";"100129"
"2009";"18 jaar";"205908";"105437";"100471"
"2009";"19 jaar";"199436";"101335";"98101"
"2009";"20 jaar";"198920";"101018";"97902"
"2009";"21 jaar";"201112";"102211";"98901"
"2009";"22 jaar";"201497";"101445";"100052"
"2009";"23 jaar";"198198";"99895";"98303"
"2009";"24 jaar";"197132";"99748";"97384"
"2009";"25 jaar";"193216";"97342";"95874"
"2009";"26 jaar";"195383";"98461";"96922"
"2009";"27 jaar";"200982";"100717";"100265"
"2009";"28 jaar";"204156";"102466";"101690"
"2009";"29 jaar";"198236";"99390";"98846"
"2009";"30 jaar";"199377";"99655";"99722"
"2009";"31 jaar";"196957";"98512";"98445"
"2009";"32 jaar";"199327";"100067";"99260"
"2009";"33 jaar";"201739";"100852";"100887"
"2009";"34 jaar";"211020";"105478";"105542"
"2009";"35 jaar";"219239";"109448";"109791"
"2009";"36 jaar";"238000";"118714";"119286"
"2009";"37 jaar";"250022";"125675";"124347"
"2009";"38 jaar";"261601";"131637";"129964"
"2009";"39 jaar";"267747";"135188";"132559"
"2009";"40 jaar";"256790";"129541";"127249"
"2009";"41 jaar";"254774";"128903";"125871"
"2009";"42 jaar";"256551";"129949";"126602"
"2009";"43 jaar";"261342";"132603";"128739"
"2009";"44 jaar";"266112";"134725";"131387"
"2009";"45 jaar";"262189";"132771";"129418"
"2009";"46 jaar";"257799";"129940";"127859"
"2009";"47 jaar";"255462";"128554";"126908"
"2009";"48 jaar";"249102";"125587";"123515"
"2009";"49 jaar";"246996";"124151";"122845"
"2009";"50 jaar";"240523";"120953";"119570"
"2009";"51 jaar";"235743";"118345";"117398"
"2009";"52 jaar";"231871";"116704";"115167"
"2009";"53 jaar";"226360";"113275";"113085"
"2009";"54 jaar";"223183";"112232";"110951"
"2009";"55 jaar";"219914";"110536";"109378"
"2009";"56 jaar";"220105";"110811";"109294"
"2009";"57 jaar";"212354";"106995";"105359"
"2009";"58 jaar";"213145";"107273";"105872"
"2009";"59 jaar";"215614";"108580";"107034"
"2009";"60 jaar";"221563";"111739";"109824"
"2009";"61 jaar";"232554";"116600";"115954"
"2009";"62 jaar";"238756";"120170";"118586"
"2009";"63 jaar";"170560";"85339";"85221"
"2009";"64 jaar";"177164";"88353";"88811"
"2009";"65 jaar";"166541";"83025";"83516"
"2009";"66 jaar";"152559";"75730";"76829"
"2009";"67 jaar";"143990";"71083";"72907"
"2009";"68 jaar";"146016";"71374";"74642"
"2009";"69 jaar";"138653";"66958";"71695"
"2009";"70 jaar";"133592";"64235";"69357"
"2009";"71 jaar";"123457";"58567";"64890"
"2009";"72 jaar";"120528";"56630";"63898"
"2009";"73 jaar";"115068";"53359";"61709"
"2009";"74 jaar";"110865";"50525";"60340"
"2009";"75 jaar";"105524";"47308";"58216"
"2009";"76 jaar";"104270";"45827";"58443"
"2009";"77 jaar";"98153";"42222";"55931"
"2009";"78 jaar";"94840";"39912";"54928"
"2009";"79 jaar";"86551";"35393";"51158"
"2009";"80 jaar";"81534";"32389";"49145"
"2009";"81 jaar";"73920";"28681";"45239"
"2009";"82 jaar";"69072";"25797";"43275"
"2009";"83 jaar";"63186";"22657";"40529"
"2009";"84 jaar";"58109";"19665";"38444"
"2009";"85 jaar";"53444";"17609";"35835"
"2009";"86 jaar";"46113";"14711";"31402"
"2009";"87 jaar";"40657";"12454";"28203"
"2009";"88 jaar";"35158";"10219";"24939"
"2009";"89 jaar";"25253";"6882";"18371"
"2009";"90 jaar";"19966";"5077";"14889"
"2009";"91 jaar";"16653";"4041";"12612"
"2009";"92 jaar";"13088";"2965";"10123"
"2009";"93 jaar";"10049";"2101";"7948"
"2009";"94 jaar";"8164";"1683";"6481"
"2009";"95 jaar of ouder";"16842";"2876";"13966"
"2009";"95 jaar";".";".";"."
"2009";"96 jaar";".";".";"."
"2009";"97 jaar";".";".";"."
"2009";"98 jaar";".";".";"."
"2009";"99 jaar";".";".";"."
"2009";"100 jaar";".";".";"."
"2009";"101 jaar";".";".";"."
"2009";"102 jaar";".";".";"."
"2009";"103 jaar";".";".";"."
"2009";"104 jaar";".";".";"."
"2009";"105 jaar of ouder";".";".";"."
"2010";"Totaal";"16574989";"8203476";"8371513"
"2010";"0 jaar";"184586";"94400";"90186"
"2010";"1 jaar";"185215";"95024";"90191"
"2010";"2 jaar";"182106";"92895";"89211"
"2010";"3 jaar";"185452";"95057";"90395"
"2010";"4 jaar";"187522";"95998";"91524"
"2010";"5 jaar";"193345";"98694";"94651"
"2010";"6 jaar";"199894";"102325";"97569"
"2010";"7 jaar";"200817";"102843";"97974"
"2010";"8 jaar";"202689";"103609";"99080"
"2010";"9 jaar";"206504";"105337";"101167"
"2010";"10 jaar";"201773";"103381";"98392"
"2010";"11 jaar";"200511";"102594";"97917"
"2010";"12 jaar";"194826";"99277";"95549"
"2010";"13 jaar";"193568";"99576";"93992"
"2010";"14 jaar";"194103";"99298";"94805"
"2010";"15 jaar";"199815";"102235";"97580"
"2010";"16 jaar";"199628";"102041";"97587"
"2010";"17 jaar";"202124";"103636";"98488"
"2010";"18 jaar";"205851";"105120";"100731"
"2010";"19 jaar";"208005";"106290";"101715"
"2010";"20 jaar";"202046";"102284";"99762"
"2010";"21 jaar";"201972";"102229";"99743"
"2010";"22 jaar";"203875";"103411";"100464"
"2010";"23 jaar";"204344";"102871";"101473"
"2010";"24 jaar";"200673";"101121";"99552"
"2010";"25 jaar";"199358";"100842";"98516"
"2010";"26 jaar";"195138";"98330";"96808"
"2010";"27 jaar";"197116";"99358";"97758"
"2010";"28 jaar";"202329";"101361";"100968"
"2010";"29 jaar";"205414";"103121";"102293"
"2010";"30 jaar";"199242";"99997";"99245"
"2010";"31 jaar";"200345";"100187";"100158"
"2010";"32 jaar";"197734";"98924";"98810"
"2010";"33 jaar";"200006";"100497";"99509"
"2010";"34 jaar";"202231";"101108";"101123"
"2010";"35 jaar";"211420";"105666";"105754"
"2010";"36 jaar";"219551";"109664";"109887"
"2010";"37 jaar";"238235";"118799";"119436"
"2010";"38 jaar";"250085";"125616";"124469"
"2010";"39 jaar";"261658";"131661";"129997"
"2010";"40 jaar";"267782";"135172";"132610"
"2010";"41 jaar";"256802";"129528";"127274"
"2010";"42 jaar";"254653";"128787";"125866"
"2010";"43 jaar";"256394";"129819";"126575"
"2010";"44 jaar";"261149";"132446";"128703"
"2010";"45 jaar";"265841";"134485";"131356"
"2010";"46 jaar";"261790";"132465";"129325"
"2010";"47 jaar";"257367";"129670";"127697"
"2010";"48 jaar";"254981";"128270";"126711"
"2010";"49 jaar";"248578";"125236";"123342"
"2010";"50 jaar";"246297";"123764";"122533"
"2010";"51 jaar";"239742";"120485";"119257"
"2010";"52 jaar";"234939";"117885";"117054"
"2010";"53 jaar";"231001";"116198";"114803"
"2010";"54 jaar";"225388";"112707";"112681"
"2010";"55 jaar";"222155";"111675";"110480"
"2010";"56 jaar";"218711";"109787";"108924"
"2010";"57 jaar";"218944";"110111";"108833"
"2010";"58 jaar";"211215";"106267";"104948"
"2010";"59 jaar";"211819";"106483";"105336"
"2010";"60 jaar";"214127";"107700";"106427"
"2010";"61 jaar";"219840";"110689";"109151"
"2010";"62 jaar";"230511";"115351";"115160"
"2010";"63 jaar";"236571";"118848";"117723"
"2010";"64 jaar";"168958";"84322";"84636"
"2010";"65 jaar";"175028";"87032";"87996"
"2010";"66 jaar";"164506";"81738";"82768"
"2010";"67 jaar";"150624";"74518";"76106"
"2010";"68 jaar";"141994";"69792";"72202"
"2010";"69 jaar";"143797";"69972";"73825"
"2010";"70 jaar";"136402";"65559";"70843"
"2010";"71 jaar";"131158";"62729";"68429"
"2010";"72 jaar";"121064";"57093";"63971"
"2010";"73 jaar";"117769";"54920";"62849"
"2010";"74 jaar";"112165";"51573";"60592"
"2010";"75 jaar";"107808";"48634";"59174"
"2010";"76 jaar";"102154";"45298";"56856"
"2010";"77 jaar";"100640";"43729";"56911"
"2010";"78 jaar";"94471";"40189";"54282"
"2010";"79 jaar";"90754";"37617";"53137"
"2010";"80 jaar";"82307";"33113";"49194"
"2010";"81 jaar";"77030";"30029";"47001"
"2010";"82 jaar";"69304";"26417";"42887"
"2010";"83 jaar";"64282";"23488";"40794"
"2010";"84 jaar";"58385";"20449";"37936"
"2010";"85 jaar";"53182";"17520";"35662"
"2010";"86 jaar";"48249";"15461";"32788"
"2010";"87 jaar";"41182";"12779";"28403"
"2010";"88 jaar";"35809";"10605";"25204"
"2010";"89 jaar";"30397";"8572";"21825"
"2010";"90 jaar";"21423";"5645";"15778"
"2010";"91 jaar";"16628";"4093";"12535"
"2010";"92 jaar";"13630";"3143";"10487"
"2010";"93 jaar";"10433";"2247";"8186"
"2010";"94 jaar";"7787";"1525";"6262"
"2010";"95 jaar of ouder";"17966";"3170";"14796"
"2010";"95 jaar";".";".";"."
"2010";"96 jaar";".";".";"."
"2010";"97 jaar";".";".";"."
"2010";"98 jaar";".";".";"."
"2010";"99 jaar";".";".";"."
"2010";"100 jaar";".";".";"."
"2010";"101 jaar";".";".";"."
"2010";"102 jaar";".";".";"."
"2010";"103 jaar";".";".";"."
"2010";"104 jaar";".";".";"."
"2010";"105 jaar of ouder";".";".";"."
"2011";"Totaal";"16655799";"8243482";"8412317"
"2011";"0 jaar";"184007";"93892";"90115"
"2011";"1 jaar";"185288";"94784";"90504"
"2011";"2 jaar";"185686";"95310";"90376"
"2011";"3 jaar";"182395";"93062";"89333"
"2011";"4 jaar";"185730";"95260";"90470"
"2011";"5 jaar";"187664";"96038";"91626"
"2011";"6 jaar";"193449";"98753";"94696"
"2011";"7 jaar";"200172";"102453";"97719"
"2011";"8 jaar";"200982";"102900";"98082"
"2011";"9 jaar";"202962";"103738";"99224"
"2011";"10 jaar";"206735";"105472";"101263"
"2011";"11 jaar";"202043";"103486";"98557"
"2011";"12 jaar";"200899";"102780";"98119"
"2011";"13 jaar";"195148";"99476";"95672"
"2011";"14 jaar";"193915";"99760";"94155"
"2011";"15 jaar";"194457";"99464";"94993"
"2011";"16 jaar";"200285";"102507";"97778"
"2011";"17 jaar";"200266";"102452";"97814"
"2011";"18 jaar";"203609";"104378";"99231"
"2011";"19 jaar";"208127";"106029";"102098"
"2011";"20 jaar";"210871";"107240";"103631"
"2011";"21 jaar";"205310";"103544";"101766"
"2011";"22 jaar";"204957";"103381";"101576"
"2011";"23 jaar";"206741";"104609";"102132"
"2011";"24 jaar";"206850";"103893";"102957"
"2011";"25 jaar";"203001";"102254";"100747"
"2011";"26 jaar";"201019";"101566";"99453"
"2011";"27 jaar";"196389";"98912";"97477"
"2011";"28 jaar";"198034";"99677";"98357"
"2011";"29 jaar";"203095";"101708";"101387"
"2011";"30 jaar";"206217";"103456";"102761"
"2011";"31 jaar";"199742";"100183";"99559"
"2011";"32 jaar";"200663";"100285";"100378"
"2011";"33 jaar";"197990";"98961";"99029"
"2011";"34 jaar";"200152";"100438";"99714"
"2011";"35 jaar";"202287";"101072";"101215"
"2011";"36 jaar";"211565";"105604";"105961"
"2011";"37 jaar";"219610";"109541";"110069"
"2011";"38 jaar";"238157";"118642";"119515"
"2011";"39 jaar";"249949";"125430";"124519"
"2011";"40 jaar";"261472";"131482";"129990"
"2011";"41 jaar";"267597";"134992";"132605"
"2011";"42 jaar";"256549";"129231";"127318"
"2011";"43 jaar";"254265";"128451";"125814"
"2011";"44 jaar";"256042";"129508";"126534"
"2011";"45 jaar";"260647";"132059";"128588"
"2011";"46 jaar";"265402";"134182";"131220"
"2011";"47 jaar";"261205";"132068";"129137"
"2011";"48 jaar";"256709";"129163";"127546"
"2011";"49 jaar";"254329";"127830";"126499"
"2011";"50 jaar";"247864";"124776";"123088"
"2011";"51 jaar";"245464";"123295";"122169"
"2011";"52 jaar";"238922";"119999";"118923"
"2011";"53 jaar";"234073";"117371";"116702"
"2011";"54 jaar";"229996";"115599";"114397"
"2011";"55 jaar";"224266";"112045";"112221"
"2011";"56 jaar";"220950";"110973";"109977"
"2011";"57 jaar";"217486";"109081";"108405"
"2011";"58 jaar";"217707";"109389";"108318"
"2011";"59 jaar";"209838";"105464";"104374"
"2011";"60 jaar";"210341";"105578";"104763"
"2011";"61 jaar";"212539";"106770";"105769"
"2011";"62 jaar";"218020";"109595";"108425"
"2011";"63 jaar";"228407";"114074";"114333"
"2011";"64 jaar";"234345";"117429";"116916"
"2011";"65 jaar";"166954";"83060";"83894"
"2011";"66 jaar";"172881";"85649";"87232"
"2011";"67 jaar";"162308";"80381";"81927"
"2011";"68 jaar";"148601";"73201";"75400"
"2011";"69 jaar";"139816";"68434";"71382"
"2011";"70 jaar";"141445";"68501";"72944"
"2011";"71 jaar";"134070";"64100";"69970"
"2011";"72 jaar";"128646";"61177";"67469"
"2011";"73 jaar";"118414";"55484";"62930"
"2011";"74 jaar";"114943";"53280";"61663"
"2011";"75 jaar";"109017";"49701";"59316"
"2011";"76 jaar";"104550";"46736";"57814"
"2011";"77 jaar";"98577";"43236";"55341"
"2011";"78 jaar";"96715";"41441";"55274"
"2011";"79 jaar";"90462";"37994";"52468"
"2011";"80 jaar";"86444";"35292";"51152"
"2011";"81 jaar";"77885";"30863";"47022"
"2011";"82 jaar";"72370";"27720";"44650"
"2011";"83 jaar";"64614";"24171";"40443"
"2011";"84 jaar";"59515";"21302";"38213"
"2011";"85 jaar";"53485";"18268";"35217"
"2011";"86 jaar";"48158";"15414";"32744"
"2011";"87 jaar";"43135";"13507";"29628"
"2011";"88 jaar";"36237";"10871";"25366"
"2011";"89 jaar";"31041";"8889";"22152"
"2011";"90 jaar";"25833";"7067";"18766"
"2011";"91 jaar";"17857";"4496";"13361"
"2011";"92 jaar";"13574";"3197";"10377"
"2011";"93 jaar";"10849";"2406";"8443"
"2011";"94 jaar";"8078";"1646";"6432"
"2011";"95 jaar of ouder";"18472";"3204";"15268"
"2011";"95 jaar";".";".";"."
"2011";"96 jaar";".";".";"."
"2011";"97 jaar";".";".";"."
"2011";"98 jaar";".";".";"."
"2011";"99 jaar";".";".";"."
"2011";"100 jaar";".";".";"."
"2011";"101 jaar";".";".";"."
"2011";"102 jaar";".";".";"."
"2011";"103 jaar";".";".";"."
"2011";"104 jaar";".";".";"."
"2011";"105 jaar of ouder";".";".";"."
"2012";"Totaal";"16730348";"8282871";"8447477"
"2012";"0 jaar";"179653";"92095";"87558"
"2012";"1 jaar";"184741";"94277";"90464"
"2012";"2 jaar";"185690";"95056";"90634"
"2012";"3 jaar";"185962";"95484";"90478"
"2012";"4 jaar";"182690";"93255";"89435"
"2012";"5 jaar";"185808";"95326";"90482"
"2012";"6 jaar";"187772";"96080";"91692"
"2012";"7 jaar";"193575";"98819";"94756"
"2012";"8 jaar";"200289";"102511";"97778"
"2012";"9 jaar";"201248";"102989";"98259"
"2012";"10 jaar";"203234";"103855";"99379"
"2012";"11 jaar";"206988";"105577";"101411"
"2012";"12 jaar";"202440";"103677";"98763"
"2012";"13 jaar";"201164";"102939";"98225"
"2012";"14 jaar";"195405";"99624";"95781"
"2012";"15 jaar";"194277";"99957";"94320"
"2012";"16 jaar";"194931";"99707";"95224"
"2012";"17 jaar";"200903";"102855";"98048"
"2012";"18 jaar";"201817";"103172";"98645"
"2012";"19 jaar";"206167";"105393";"100774"
"2012";"20 jaar";"211103";"107151";"103952"
"2012";"21 jaar";"214084";"108555";"105529"
"2012";"22 jaar";"207969";"104690";"103279"
"2012";"23 jaar";"207550";"104609";"102941"
"2012";"24 jaar";"208831";"105623";"103208"
"2012";"25 jaar";"208615";"104823";"103792"
"2012";"26 jaar";"204603";"103034";"101569"
"2012";"27 jaar";"202224";"102265";"99959"
"2012";"28 jaar";"197300";"99383";"97917"
"2012";"29 jaar";"198569";"99878";"98691"
"2012";"30 jaar";"203581";"101858";"101723"
"2012";"31 jaar";"206679";"103730";"102949"
"2012";"32 jaar";"199959";"100265";"99694"
"2012";"33 jaar";"200777";"100315";"100462"
"2012";"34 jaar";"198263";"99000";"99263"
"2012";"35 jaar";"200284";"100518";"99766"
"2012";"36 jaar";"202343";"101006";"101337"
"2012";"37 jaar";"211582";"105472";"106110"
"2012";"38 jaar";"219615";"109500";"110115"
"2012";"39 jaar";"237962";"118475";"119487"
"2012";"40 jaar";"249814";"125365";"124449"
"2012";"41 jaar";"261309";"131261";"130048"
"2012";"42 jaar";"267192";"134636";"132556"
"2012";"43 jaar";"256353";"129064";"127289"
"2012";"44 jaar";"253885";"128162";"125723"
"2012";"45 jaar";"255768";"129258";"126510"
"2012";"46 jaar";"260063";"131562";"128501"
"2012";"47 jaar";"264853";"133800";"131053"
"2012";"48 jaar";"260558";"131623";"128935"
"2012";"49 jaar";"256063";"128728";"127335"
"2012";"50 jaar";"253629";"127390";"126239"
"2012";"51 jaar";"247023";"124228";"122795"
"2012";"52 jaar";"244675";"122834";"121841"
"2012";"53 jaar";"238055";"119535";"118520"
"2012";"54 jaar";"233061";"116756";"116305"
"2012";"55 jaar";"229048";"115097";"113951"
"2012";"56 jaar";"223177";"111433";"111744"
"2012";"57 jaar";"219852";"110310";"109542"
"2012";"58 jaar";"216229";"108374";"107855"
"2012";"59 jaar";"216236";"108482";"107754"
"2012";"60 jaar";"208372";"104613";"103759"
"2012";"61 jaar";"208820";"104685";"104135"
"2012";"62 jaar";"210857";"105767";"105090"
"2012";"63 jaar";"216156";"108475";"107681"
"2012";"64 jaar";"226285";"112789";"113496"
"2012";"65 jaar";"231795";"115864";"115931"
"2012";"66 jaar";"164904";"81810";"83094"
"2012";"67 jaar";"170719";"84379";"86340"
"2012";"68 jaar";"160202";"79088";"81114"
"2012";"69 jaar";"146436";"71848";"74588"
"2012";"70 jaar";"137582";"67092";"70490"
"2012";"71 jaar";"139053";"67066";"71987"
"2012";"72 jaar";"131515";"62543";"68972"
"2012";"73 jaar";"125983";"59566";"66417"
"2012";"74 jaar";"115620";"53848";"61772"
"2012";"75 jaar";"111926";"51481";"60445"
"2012";"76 jaar";"105773";"47841";"57932"
"2012";"77 jaar";"101067";"44758";"56309"
"2012";"78 jaar";"94993";"41205";"53788"
"2012";"79 jaar";"92785";"39222";"53563"
"2012";"80 jaar";"86266";"35725";"50541"
"2012";"81 jaar";"81790";"32844";"48946"
"2012";"82 jaar";"73160";"28459";"44701"
"2012";"83 jaar";"67548";"25437";"42111"
"2012";"84 jaar";"59818";"21956";"37862"
"2012";"85 jaar";"54625";"19112";"35513"
"2012";"86 jaar";"48498";"16213";"32285"
"2012";"87 jaar";"43174";"13490";"29684"
"2012";"88 jaar";"38109";"11608";"26501"
"2012";"89 jaar";"31481";"9103";"22378"
"2012";"90 jaar";"26586";"7379";"19207"
"2012";"91 jaar";"21731";"5732";"15999"
"2012";"92 jaar";"14583";"3539";"11044"
"2012";"93 jaar";"10908";"2463";"8445"
"2012";"94 jaar";"8485";"1799";"6686"
"2012";"95 jaar of ouder";"19253";"3376";"15877"
"2012";"95 jaar";".";".";"."
"2012";"96 jaar";".";".";"."
"2012";"97 jaar";".";".";"."
"2012";"98 jaar";".";".";"."
"2012";"99 jaar";".";".";"."
"2012";"100 jaar";".";".";"."
"2012";"101 jaar";".";".";"."
"2012";"102 jaar";".";".";"."
"2012";"103 jaar";".";".";"."
"2012";"104 jaar";".";".";"."
"2012";"105 jaar of ouder";".";".";"."
"2013";"Totaal";"16779575";"8307339";"8472236"
"2013";"0 jaar";"175587";"89957";"85630"
"2013";"1 jaar";"180066";"92368";"87698"
"2013";"2 jaar";"184869";"94354";"90515"
"2013";"3 jaar";"185681";"95073";"90608"
"2013";"4 jaar";"185999";"95481";"90518"
"2013";"5 jaar";"182529";"93174";"89355"
"2013";"6 jaar";"185741";"95340";"90401"
"2013";"7 jaar";"187713";"96023";"91690"
"2013";"8 jaar";"193606";"98820";"94786"
"2013";"9 jaar";"200397";"102542";"97855"
"2013";"10 jaar";"201347";"103043";"98304"
"2013";"11 jaar";"203324";"103940";"99384"
"2013";"12 jaar";"207168";"105641";"101527"
"2013";"13 jaar";"202560";"103735";"98825"
"2013";"14 jaar";"201335";"103028";"98307"
"2013";"15 jaar";"195575";"99713";"95862"
"2013";"16 jaar";"194631";"100132";"94499"
"2013";"17 jaar";"195365";"99943";"95422"
"2013";"18 jaar";"202655";"103691";"98964"
"2013";"19 jaar";"204625";"104280";"100345"
"2013";"20 jaar";"208934";"106387";"102547"
"2013";"21 jaar";"213451";"107995";"105456"
"2013";"22 jaar";"216024";"109307";"106717"
"2013";"23 jaar";"209614";"105380";"104234"
"2013";"24 jaar";"208664";"105148";"103516"
"2013";"25 jaar";"209413";"105838";"103575"
"2013";"26 jaar";"209021";"104966";"104055"
"2013";"27 jaar";"204965";"103180";"101785"
"2013";"28 jaar";"202444";"102220";"100224"
"2013";"29 jaar";"197547";"99422";"98125"
"2013";"30 jaar";"198869";"99902";"98967"
"2013";"31 jaar";"203362";"101634";"101728"
"2013";"32 jaar";"206593";"103548";"103045"
"2013";"33 jaar";"199945";"100086";"99859"
"2013";"34 jaar";"200700";"100229";"100471"
"2013";"35 jaar";"198026";"98749";"99277"
"2013";"36 jaar";"200174";"100321";"99853"
"2013";"37 jaar";"202021";"100718";"101303"
"2013";"38 jaar";"211254";"105195";"106059"
"2013";"39 jaar";"219337";"109216";"110121"
"2013";"40 jaar";"237477";"118099";"119378"
"2013";"41 jaar";"249340";"124925";"124415"
"2013";"42 jaar";"260702";"130799";"129903"
"2013";"43 jaar";"266761";"134322";"132439"
"2013";"44 jaar";"255910";"128685";"127225"
"2013";"45 jaar";"253462";"127853";"125609"
"2013";"46 jaar";"255175";"128808";"126367"
"2013";"47 jaar";"259365";"131137";"128228"
"2013";"48 jaar";"264180";"133360";"130820"
"2013";"49 jaar";"259842";"131072";"128770"
"2013";"50 jaar";"255316";"128243";"127073"
"2013";"51 jaar";"252683";"126805";"125878"
"2013";"52 jaar";"246134";"123630";"122504"
"2013";"53 jaar";"243813";"122331";"121482"
"2013";"54 jaar";"236965";"118868";"118097"
"2013";"55 jaar";"231914";"116095";"115819"
"2013";"56 jaar";"227936";"114411";"113525"
"2013";"57 jaar";"221929";"110650";"111279"
"2013";"58 jaar";"218537";"109542";"108995"
"2013";"59 jaar";"214861";"107573";"107288"
"2013";"60 jaar";"214809";"107642";"107167"
"2013";"61 jaar";"206833";"103739";"103094"
"2013";"62 jaar";"207123";"103659";"103464"
"2013";"63 jaar";"208919";"104605";"104314"
"2013";"64 jaar";"214113";"107231";"106882"
"2013";"65 jaar";"223702";"111268";"112434"
"2013";"66 jaar";"229068";"114195";"114873"
"2013";"67 jaar";"162830";"80549";"82281"
"2013";"68 jaar";"168372";"82945";"85427"
"2013";"69 jaar";"157842";"77634";"80208"
"2013";"70 jaar";"144054";"70353";"73701"
"2013";"71 jaar";"135183";"65649";"69534"
"2013";"72 jaar";"136382";"65490";"70892"
"2013";"73 jaar";"128820";"60877";"67943"
"2013";"74 jaar";"123141";"57838";"65303"
"2013";"75 jaar";"112642";"52097";"60545"
"2013";"76 jaar";"108680";"49610";"59070"
"2013";"77 jaar";"102408";"45900";"56508"
"2013";"78 jaar";"97356";"42634";"54722"
"2013";"79 jaar";"91045";"38995";"52050"
"2013";"80 jaar";"88458";"36876";"51582"
"2013";"81 jaar";"81759";"33419";"48340"
"2013";"82 jaar";"76845";"30275";"46570"
"2013";"83 jaar";"68373";"26114";"42259"
"2013";"84 jaar";"62428";"23011";"39417"
"2013";"85 jaar";"54749";"19570";"35179"
"2013";"86 jaar";"49462";"16932";"32530"
"2013";"87 jaar";"43241";"14060";"29181"
"2013";"88 jaar";"38106";"11588";"26518"
"2013";"89 jaar";"33209";"9809";"23400"
"2013";"90 jaar";"26733";"7449";"19284"
"2013";"91 jaar";"22057";"5880";"16177"
"2013";"92 jaar";"17602";"4506";"13096"
"2013";"93 jaar";"11669";"2707";"8962"
"2013";"94 jaar";"8408";"1801";"6607"
"2013";"95 jaar of ouder";"19721";"3505";"16216"
"2013";"95 jaar";".";".";"."
"2013";"96 jaar";".";".";"."
"2013";"97 jaar";".";".";"."
"2013";"98 jaar";".";".";"."
"2013";"99 jaar";".";".";"."
"2013";"100 jaar";".";".";"."
"2013";"101 jaar";".";".";"."
"2013";"102 jaar";".";".";"."
"2013";"103 jaar";".";".";"."
"2013";"104 jaar";".";".";"."
"2013";"105 jaar of ouder";".";".";"."
"2014";"Totaal";"16829289";"8334385";"8494904"
"2014";"0 jaar";"170953";"87763";"83190"
"2014";"1 jaar";"175982";"90184";"85798"
"2014";"2 jaar";"180172";"92438";"87734"
"2014";"3 jaar";"184866";"94351";"90515"
"2014";"4 jaar";"185696";"95058";"90638"
"2014";"5 jaar";"185880";"95374";"90506"
"2014";"6 jaar";"182612";"93242";"89370"
"2014";"7 jaar";"185955";"95470";"90485"
"2014";"8 jaar";"187894";"96103";"91791"
"2014";"9 jaar";"193821";"98946";"94875"
"2014";"10 jaar";"200712";"102717";"97995"
"2014";"11 jaar";"201574";"103155";"98419"
"2014";"12 jaar";"203576";"104107";"99469"
"2014";"13 jaar";"207500";"105841";"101659"
"2014";"14 jaar";"202881";"103906";"98975"
"2014";"15 jaar";"201670";"103223";"98447"
"2014";"16 jaar";"195990";"99934";"96056"
"2014";"17 jaar";"195068";"100357";"94711"
"2014";"18 jaar";"197496";"100920";"96576"
"2014";"19 jaar";"205742";"105035";"100707"
"2014";"20 jaar";"207385";"105405";"101980"
"2014";"21 jaar";"211267";"107317";"103950"
"2014";"22 jaar";"215454";"108916";"106538"
"2014";"23 jaar";"217472";"110062";"107410"
"2014";"24 jaar";"210731";"105979";"104752"
"2014";"25 jaar";"209096";"105371";"103725"
"2014";"26 jaar";"209877";"106168";"103709"
"2014";"27 jaar";"209590";"105274";"104316"
"2014";"28 jaar";"205460";"103378";"102082"
"2014";"29 jaar";"202755";"102329";"100426"
"2014";"30 jaar";"197746";"99539";"98207"
"2014";"31 jaar";"199082";"100065";"99017"
"2014";"32 jaar";"203473";"101631";"101842"
"2014";"33 jaar";"206516";"103460";"103056"
"2014";"34 jaar";"200060";"100095";"99965"
"2014";"35 jaar";"200654";"100148";"100506"
"2014";"36 jaar";"197947";"98600";"99347"
"2014";"37 jaar";"200072";"100250";"99822"
"2014";"38 jaar";"201965";"100678";"101287"
"2014";"39 jaar";"211050";"105018";"106032"
"2014";"40 jaar";"219087";"109017";"110070"
"2014";"41 jaar";"237223";"117813";"119410"
"2014";"42 jaar";"249250";"124804";"124446"
"2014";"43 jaar";"260436";"130567";"129869"
"2014";"44 jaar";"266319";"133990";"132329"
"2014";"45 jaar";"255420";"128325";"127095"
"2014";"46 jaar";"252995";"127537";"125458"
"2014";"47 jaar";"254723";"128479";"126244"
"2014";"48 jaar";"258840";"130798";"128042"
"2014";"49 jaar";"263500";"132926";"130574"
"2014";"50 jaar";"258994";"130522";"128472"
"2014";"51 jaar";"254506";"127708";"126798"
"2014";"52 jaar";"251815";"126236";"125579"
"2014";"53 jaar";"245175";"123027";"122148"
"2014";"54 jaar";"242777";"121705";"121072"
"2014";"55 jaar";"235908";"118220";"117688"
"2014";"56 jaar";"230828";"115440";"115388"
"2014";"57 jaar";"226724";"113652";"113072"
"2014";"58 jaar";"220679";"109876";"110803"
"2014";"59 jaar";"217170";"108710";"108460"
"2014";"60 jaar";"213397";"106712";"106685"
"2014";"61 jaar";"213245";"106729";"106516"
"2014";"62 jaar";"205183";"102818";"102365"
"2014";"63 jaar";"205353";"102636";"102717"
"2014";"64 jaar";"207026";"103451";"103575"
"2014";"65 jaar";"211824";"105864";"105960"
"2014";"66 jaar";"221130";"109724";"111406"
"2014";"67 jaar";"226304";"112462";"113842"
"2014";"68 jaar";"160611";"79192";"81419"
"2014";"69 jaar";"165891";"81446";"84445"
"2014";"70 jaar";"155341";"76102";"79239"
"2014";"71 jaar";"141557";"68798";"72759"
"2014";"72 jaar";"132701";"64114";"68587"
"2014";"73 jaar";"133596";"63789";"69807"
"2014";"74 jaar";"125752";"59021";"66731"
"2014";"75 jaar";"120099";"56032";"64067"
"2014";"76 jaar";"109471";"50254";"59217"
"2014";"77 jaar";"105292";"47653";"57639"
"2014";"78 jaar";"98830";"43860";"54970"
"2014";"79 jaar";"93536";"40509";"53027"
"2014";"80 jaar";"86838";"36752";"50086"
"2014";"81 jaar";"83851";"34491";"49360"
"2014";"82 jaar";"77066";"30961";"46105"
"2014";"83 jaar";"71888";"27819";"44069"
"2014";"84 jaar";"63404";"23739";"39665"
"2014";"85 jaar";"57344";"20673";"36671"
"2014";"86 jaar";"49598";"17331";"32267"
"2014";"87 jaar";"44243";"14778";"29465"
"2014";"88 jaar";"37998";"11978";"26020"
"2014";"89 jaar";"33168";"9761";"23407"
"2014";"90 jaar";"28347";"8161";"20186"
"2014";"91 jaar";"22368";"5995";"16373"
"2014";"92 jaar";"17994";"4572";"13422"
"2014";"93 jaar";"14016";"3443";"10573"
"2014";"94 jaar";"9048";"2005";"7043"
"2014";"95 jaar of ouder";"19918";"3601";"16317"
"2014";"95 jaar";".";".";"."
"2014";"96 jaar";".";".";"."
"2014";"97 jaar";".";".";"."
"2014";"98 jaar";".";".";"."
"2014";"99 jaar";".";".";"."
"2014";"100 jaar";".";".";"."
"2014";"101 jaar";".";".";"."
"2014";"102 jaar";".";".";"."
"2014";"103 jaar";".";".";"."
"2014";"104 jaar";".";".";"."
"2014";"105 jaar of ouder";".";".";"."
"2015";"Totaal";"16900726";"8372858";"8527868"
"2015";"0 jaar";"174681";"89200";"85481"
"2015";"1 jaar";"171587";"88068";"83519"
"2015";"2 jaar";"176388";"90389";"85999"
"2015";"3 jaar";"180486";"92624";"87862"
"2015";"4 jaar";"185180";"94447";"90733"
"2015";"5 jaar";"185874";"95173";"90701"
"2015";"6 jaar";"186121";"95467";"90654"
"2015";"7 jaar";"182919";"93376";"89543"
"2015";"8 jaar";"186450";"95697";"90753"
"2015";"9 jaar";"188291";"96335";"91956"
"2015";"10 jaar";"194196";"99111";"95085"
"2015";"11 jaar";"201043";"102917";"98126"
"2015";"12 jaar";"202009";"103363";"98646"
"2015";"13 jaar";"203920";"104224";"99696"
"2015";"14 jaar";"207921";"106060";"101861"
"2015";"15 jaar";"203234";"104076";"99158"
"2015";"16 jaar";"202135";"103488";"98647"
"2015";"17 jaar";"196758";"100425";"96333"
"2015";"18 jaar";"197661";"101698";"95963"
"2015";"19 jaar";"201205";"102596";"98609"
"2015";"20 jaar";"209201";"106496";"102705"
"2015";"21 jaar";"209863";"106527";"103336"
"2015";"22 jaar";"213499";"108394";"105105"
"2015";"23 jaar";"217379";"109987";"107392"
"2015";"24 jaar";"219090";"110918";"108172"
"2015";"25 jaar";"212104";"106761";"105343"
"2015";"26 jaar";"210333";"106050";"104283"
"2015";"27 jaar";"210997";"106765";"104232"
"2015";"28 jaar";"210699";"105884";"104815"
"2015";"29 jaar";"206541";"103940";"102601"
"2015";"30 jaar";"203637";"102760";"100877"
"2015";"31 jaar";"198397";"99834";"98563"
"2015";"32 jaar";"199731";"100368";"99363"
"2015";"33 jaar";"204007";"101862";"102145"
"2015";"34 jaar";"206969";"103679";"103290"
"2015";"35 jaar";"200407";"100201";"100206"
"2015";"36 jaar";"201074";"100342";"100732"
"2015";"37 jaar";"198140";"98632";"99508"
"2015";"38 jaar";"200301";"100324";"99977"
"2015";"39 jaar";"202078";"100644";"101434"
"2015";"40 jaar";"211257";"105095";"106162"
"2015";"41 jaar";"219074";"108965";"110109"
"2015";"42 jaar";"237251";"117802";"119449"
"2015";"43 jaar";"249140";"124640";"124500"
"2015";"44 jaar";"260142";"130316";"129826"
"2015";"45 jaar";"266003";"133718";"132285"
"2015";"46 jaar";"254999";"127958";"127041"
"2015";"47 jaar";"252511";"127215";"125296"
"2015";"48 jaar";"254164";"128025";"126139"
"2015";"49 jaar";"258240";"130402";"127838"
"2015";"50 jaar";"262968";"132572";"130396"
"2015";"51 jaar";"258304";"130119";"128185"
"2015";"52 jaar";"253699";"127207";"126492"
"2015";"53 jaar";"251034";"125787";"125247"
"2015";"54 jaar";"244179";"122399";"121780"
"2015";"55 jaar";"241775";"121097";"120678"
"2015";"56 jaar";"234959";"117653";"117306"
"2015";"57 jaar";"229715";"114782";"114933"
"2015";"58 jaar";"225555";"112953";"112602"
"2015";"59 jaar";"219382";"109146";"110236"
"2015";"60 jaar";"215677";"107846";"107831"
"2015";"61 jaar";"211829";"105798";"106031"
"2015";"62 jaar";"211610";"105751";"105859"
"2015";"63 jaar";"203469";"101844";"101625"
"2015";"64 jaar";"203599";"101587";"102012"
"2015";"65 jaar";"204833";"102156";"102677"
"2015";"66 jaar";"209441";"104450";"104991"
"2015";"67 jaar";"218499";"108141";"110358"
"2015";"68 jaar";"223372";"110680";"112692"
"2015";"69 jaar";"158287";"77782";"80505"
"2015";"70 jaar";"163289";"79867";"83422"
"2015";"71 jaar";"152781";"74569";"78212"
"2015";"72 jaar";"138932";"67255";"71677"
"2015";"73 jaar";"130097";"62558";"67539"
"2015";"74 jaar";"130644";"62026";"68618"
"2015";"75 jaar";"122728";"57272";"65456"
"2015";"76 jaar";"116871";"54156";"62715"
"2015";"77 jaar";"106130";"48338";"57792"
"2015";"78 jaar";"101767";"45662";"56105"
"2015";"79 jaar";"95038";"41743";"53295"
"2015";"80 jaar";"89524";"38266";"51258"
"2015";"81 jaar";"82687";"34516";"48171"
"2015";"82 jaar";"79222";"32091";"47131"
"2015";"83 jaar";"72196";"28598";"43598"
"2015";"84 jaar";"66863";"25430";"41433"
"2015";"85 jaar";"58415";"21389";"37026"
"2015";"86 jaar";"52119";"18356";"33763"
"2015";"87 jaar";"44635";"15262";"29373"
"2015";"88 jaar";"39302";"12746";"26556"
"2015";"89 jaar";"33150";"10187";"22963"
"2015";"90 jaar";"28474";"8135";"20339"
"2015";"91 jaar";"23750";"6697";"17053"
"2015";"92 jaar";"18401";"4753";"13648"
"2015";"93 jaar";"14442";"3499";"10943"
"2015";"94 jaar";"11011";"2594";"8417"
"2015";"95 jaar of ouder";"20785";"3905";"16880"
"2015";"95 jaar";"6952";"1496";"5456"
"2015";"96 jaar";"4697";"912";"3785"
"2015";"97 jaar";"3378";"616";"2762"
"2015";"98 jaar";"2198";"368";"1830"
"2015";"99 jaar";"1390";"217";"1173"
"2015";"100 jaar";"962";"142";"820"
"2015";"101 jaar";"575";"75";"500"
"2015";"102 jaar";"278";"46";"232"
"2015";"103 jaar";"175";"21";"154"
"2015";"104 jaar";"92";"10";"82"
"2015";"105 jaar of ouder";"88";"2";"86"
"2016";"Totaal";"16979120";"8417135";"8561985"
"2016";"0 jaar";"170341";"87338";"83003"
"2016";"1 jaar";"175721";"89724";"85997"
"2016";"2 jaar";"172395";"88508";"83887"
"2016";"3 jaar";"177204";"90806";"86398"
"2016";"4 jaar";"181193";"92936";"88257"
"2016";"5 jaar";"185795";"94838";"90957"
"2016";"6 jaar";"186527";"95504";"91023"
"2016";"7 jaar";"186954";"95910";"91044"
"2016";"8 jaar";"183658";"93744";"89914"
"2016";"9 jaar";"187104";"96015";"91089"
"2016";"10 jaar";"188997";"96718";"92279"
"2016";"11 jaar";"194943";"99493";"95450"
"2016";"12 jaar";"201667";"103231";"98436"
"2016";"13 jaar";"202739";"103749";"98990"
"2016";"14 jaar";"204534";"104573";"99961"
"2016";"15 jaar";"208704";"106513";"102191"
"2016";"16 jaar";"204436";"104867";"99569"
"2016";"17 jaar";"203669";"104517";"99152"
"2016";"18 jaar";"200001";"102098";"97903"
"2016";"19 jaar";"201917";"103730";"98187"
"2016";"20 jaar";"204819";"104103";"100716"
"2016";"21 jaar";"212265";"107864";"104401"
"2016";"22 jaar";"212818";"107947";"104871"
"2016";"23 jaar";"216388";"109870";"106518"
"2016";"24 jaar";"219656";"111236";"108420"
"2016";"25 jaar";"220839";"111992";"108847"
"2016";"26 jaar";"213760";"107783";"105977"
"2016";"27 jaar";"211787";"106795";"104992"
"2016";"28 jaar";"212374";"107521";"104853"
"2016";"29 jaar";"212242";"106699";"105543"
"2016";"30 jaar";"207828";"104634";"103194"
"2016";"31 jaar";"204685";"103321";"101364"
"2016";"32 jaar";"199525";"100339";"99186"
"2016";"33 jaar";"200539";"100839";"99700"
"2016";"34 jaar";"204764";"102198";"102566"
"2016";"35 jaar";"207725";"104115";"103610"
"2016";"36 jaar";"201021";"100507";"100514"
"2016";"37 jaar";"201431";"100484";"100947"
"2016";"38 jaar";"198588";"98833";"99755"
"2016";"39 jaar";"200648";"100411";"100237"
"2016";"40 jaar";"202442";"100718";"101724"
"2016";"41 jaar";"211549";"105256";"106293"
"2016";"42 jaar";"219286";"109025";"110261"
"2016";"43 jaar";"237447";"117940";"119507"
"2016";"44 jaar";"249258";"124679";"124579"
"2016";"45 jaar";"260071";"130208";"129863"
"2016";"46 jaar";"265868";"133565";"132303"
"2016";"47 jaar";"254821";"127834";"126987"
"2016";"48 jaar";"252236";"127011";"125225"
"2016";"49 jaar";"253748";"127731";"126017"
"2016";"50 jaar";"257576";"129999";"127577"
"2016";"51 jaar";"262325";"132171";"130154"
"2016";"52 jaar";"257664";"129718";"127946"
"2016";"53 jaar";"252826";"126695";"126131"
"2016";"54 jaar";"250128";"125261";"124867"
"2016";"55 jaar";"243213";"121886";"121327"
"2016";"56 jaar";"240729";"120499";"120230"
"2016";"57 jaar";"233966";"117111";"116855"
"2016";"58 jaar";"228536";"114108";"114428"
"2016";"59 jaar";"224170";"112131";"112039"
"2016";"60 jaar";"217979";"108299";"109680"
"2016";"61 jaar";"214133";"106954";"107179"
"2016";"62 jaar";"210154";"104855";"105299"
"2016";"63 jaar";"209831";"104721";"105110"
"2016";"64 jaar";"201655";"100786";"100869"
"2016";"65 jaar";"201381";"100254";"101127"
"2016";"66 jaar";"202457";"100733";"101724"
"2016";"67 jaar";"206918";"102945";"103973"
"2016";"68 jaar";"215655";"106461";"109194"
"2016";"69 jaar";"220292";"108834";"111458"
"2016";"70 jaar";"155775";"76251";"79524"
"2016";"71 jaar";"160391";"78123";"82268"
"2016";"72 jaar";"149943";"72862";"77081"
"2016";"73 jaar";"136237";"65632";"70605"
"2016";"74 jaar";"127166";"60778";"66388"
"2016";"75 jaar";"127374";"60036";"67338"
"2016";"76 jaar";"119370";"55293";"64077"
"2016";"77 jaar";"113391";"52191";"61200"
"2016";"78 jaar";"102414";"46236";"56178"
"2016";"79 jaar";"97796";"43415";"54381"
"2016";"80 jaar";"90838";"39477";"51361"
"2016";"81 jaar";"84960";"35838";"49122"
"2016";"82 jaar";"78007";"32104";"45903"
"2016";"83 jaar";"74135";"29567";"44568"
"2016";"84 jaar";"66996";"26060";"40936"
"2016";"85 jaar";"61422";"22896";"38526"
"2016";"86 jaar";"52849";"18874";"33975"
"2016";"87 jaar";"46615";"16041";"30574"
"2016";"88 jaar";"39335";"13125";"26210"
"2016";"89 jaar";"34079";"10812";"23267"
"2016";"90 jaar";"28309";"8426";"19883"
"2016";"91 jaar";"23729";"6515";"17214"
"2016";"92 jaar";"19329";"5300";"14029"
"2016";"93 jaar";"14490";"3549";"10941"
"2016";"94 jaar";"11121";"2586";"8535"
"2016";"95 jaar of ouder";"22534";"4457";"18077"
"2016";"95 jaar";"8308";"1873";"6435"
"2016";"96 jaar";"5064";"1049";"4015"
"2016";"97 jaar";"3311";"627";"2684"
"2016";"98 jaar";"2292";"397";"1895"
"2016";"99 jaar";"1458";"237";"1221"
"2016";"100 jaar";"873";"125";"748"
"2016";"101 jaar";"558";"74";"484"
"2016";"102 jaar";"336";"39";"297"
"2016";"103 jaar";"153";"20";"133"
"2016";"104 jaar";"95";"10";"85"
"2016";"105 jaar of ouder";"86";"6";"80"
"2017";"Totaal";"17081507";"8475102";"8606405"
"2017";"0 jaar";"172288";"88427";"83861"
"2017";"1 jaar";"171594";"88014";"83580"
"2017";"2 jaar";"176866";"90346";"86520"
"2017";"3 jaar";"173270";"88997";"84273"
"2017";"4 jaar";"178271";"91368";"86903"
"2017";"5 jaar";"182091";"93425";"88666"
"2017";"6 jaar";"186849";"95409";"91440"
"2017";"7 jaar";"187513";"96029";"91484"
"2017";"8 jaar";"188054";"96466";"91588"
"2017";"9 jaar";"184673";"94264";"90409"
"2017";"10 jaar";"188090";"96527";"91563"
"2017";"11 jaar";"190011";"97279";"92732"
"2017";"12 jaar";"195938";"100056";"95882"
"2017";"13 jaar";"202561";"103722";"98839"
"2017";"14 jaar";"203699";"104261";"99438"
"2017";"15 jaar";"205650";"105217";"100433"
"2017";"16 jaar";"210291";"107580";"102711"
"2017";"17 jaar";"206389";"106188";"100201"
"2017";"18 jaar";"207779";"106686";"101093"
"2017";"19 jaar";"205296";"104617";"100679"
"2017";"20 jaar";"206679";"105826";"100853"
"2017";"21 jaar";"208519";"105752";"102767"
"2017";"22 jaar";"215345";"109449";"105896"
"2017";"23 jaar";"216378";"109858";"106520"
"2017";"24 jaar";"219322";"111519";"107803"
"2017";"25 jaar";"222186";"112770";"109416"
"2017";"26 jaar";"223461";"113428";"110033"
"2017";"27 jaar";"216058";"109076";"106982"
"2017";"28 jaar";"214126";"108196";"105930"
"2017";"29 jaar";"214256";"108553";"105703"
"2017";"30 jaar";"213919";"107525";"106394"
"2017";"31 jaar";"209457";"105536";"103921"
"2017";"32 jaar";"206225";"104127";"102098"
"2017";"33 jaar";"200897";"101071";"99826"
"2017";"34 jaar";"201624";"101405";"100219"
"2017";"35 jaar";"205834";"102822";"103012"
"2017";"36 jaar";"208767";"104628";"104139"
"2017";"37 jaar";"201973";"101010";"100963"
"2017";"38 jaar";"202260";"100936";"101324"
"2017";"39 jaar";"199353";"99269";"100084"
"2017";"40 jaar";"201258";"100678";"100580"
"2017";"41 jaar";"203023";"101006";"102017"
"2017";"42 jaar";"212159";"105513";"106646"
"2017";"43 jaar";"219687";"109175";"110512"
"2017";"44 jaar";"237753";"118017";"119736"
"2017";"45 jaar";"249370";"124681";"124689"
"2017";"46 jaar";"260176";"130245";"129931"
"2017";"47 jaar";"265988";"133554";"132434"
"2017";"48 jaar";"254849";"127825";"127024"
"2017";"49 jaar";"252208";"126958";"125250"
"2017";"50 jaar";"253491";"127537";"125954"
"2017";"51 jaar";"257118";"129765";"127353"
"2017";"52 jaar";"261761";"131843";"129918"
"2017";"53 jaar";"257147";"129462";"127685"
"2017";"54 jaar";"252100";"126298";"125802"
"2017";"55 jaar";"249394";"124873";"124521"
"2017";"56 jaar";"242307";"121311";"120996"
"2017";"57 jaar";"239624";"119893";"119731"
"2017";"58 jaar";"232915";"116575";"116340"
"2017";"59 jaar";"227365";"113418";"113947"
"2017";"60 jaar";"222845";"111395";"111450"
"2017";"61 jaar";"216574";"107459";"109115"
"2017";"62 jaar";"212474";"106022";"106452"
"2017";"63 jaar";"208453";"103897";"104556"
"2017";"64 jaar";"207996";"103593";"104403"
"2017";"65 jaar";"199561";"99562";"99999"
"2017";"66 jaar";"199123";"98905";"100218"
"2017";"67 jaar";"200033";"99271";"100762"
"2017";"68 jaar";"204246";"101346";"102900"
"2017";"69 jaar";"212678";"104672";"108006"
"2017";"70 jaar";"217058";"106899";"110159"
"2017";"71 jaar";"153102";"74626";"78476"
"2017";"72 jaar";"157486";"76408";"81078"
"2017";"73 jaar";"146974";"71077";"75897"
"2017";"74 jaar";"133239";"63855";"69384"
"2017";"75 jaar";"124111";"58946";"65165"
"2017";"76 jaar";"123876";"58013";"65863"
"2017";"77 jaar";"115800";"53238";"62562"
"2017";"78 jaar";"109546";"50016";"59530"
"2017";"79 jaar";"98552";"44062";"54490"
"2017";"80 jaar";"93547";"41081";"52466"
"2017";"81 jaar";"86458";"37084";"49374"
"2017";"82 jaar";"80199";"33402";"46797"
"2017";"83 jaar";"73038";"29496";"43542"
"2017";"84 jaar";"68877";"26988";"41889"
"2017";"85 jaar";"61520";"23437";"38083"
"2017";"86 jaar";"55740";"20291";"35449"
"2017";"87 jaar";"47276";"16480";"30796"
"2017";"88 jaar";"41137";"13794";"27343"
"2017";"89 jaar";"34131";"11082";"23049"
"2017";"90 jaar";"28973";"8970";"20003"
"2017";"91 jaar";"23499";"6760";"16739"
"2017";"92 jaar";"19346";"5122";"14224"
"2017";"93 jaar";"15404";"4088";"11316"
"2017";"94 jaar";"11254";"2657";"8597"
"2017";"95 jaar of ouder";"23876";"4847";"19029"
"2017";"95 jaar";"8285";"1834";"6451"
"2017";"96 jaar";"6014";"1292";"4722"
"2017";"97 jaar";"3559";"734";"2825"
"2017";"98 jaar";"2290";"422";"1868"
"2017";"99 jaar";"1503";"245";"1258"
"2017";"100 jaar";"939";"155";"784"
"2017";"101 jaar";"539";"77";"462"
"2017";"102 jaar";"349";"47";"302"
"2017";"103 jaar";"210";"20";"190"
"2017";"104 jaar";"88";"13";"75"
"2017";"105 jaar of ouder";"100";"8";"92"
"2018";"Totaal";"17181084";"8527041";"8654043"
"2018";"0 jaar";"169566";"87001";"82565"
"2018";"1 jaar";"173365";"88938";"84427"
"2018";"2 jaar";"172815";"88597";"84218"
"2018";"3 jaar";"177913";"90861";"87052"
"2018";"4 jaar";"174440";"89623";"84817"
"2018";"5 jaar";"179261";"91870";"87391"
"2018";"6 jaar";"183075";"93945";"89130"
"2018";"7 jaar";"187979";"96038";"91941"
"2018";"8 jaar";"188589";"96625";"91964"
"2018";"9 jaar";"189162";"97025";"92137"
"2018";"10 jaar";"185788";"94853";"90935"
"2018";"11 jaar";"189169";"97078";"92091"
"2018";"12 jaar";"191108";"97848";"93260"
"2018";"13 jaar";"196875";"100540";"96335"
"2018";"14 jaar";"203519";"104192";"99327"
"2018";"15 jaar";"204774";"104821";"99953"
"2018";"16 jaar";"206878";"105975";"100903"
"2018";"17 jaar";"211820";"108471";"103349"
"2018";"18 jaar";"210774";"108272";"102502"
"2018";"19 jaar";"213786";"109313";"104473"
"2018";"20 jaar";"209792";"106321";"103471"
"2018";"21 jaar";"209892";"107118";"102774"
"2018";"22 jaar";"211308";"107128";"104180"
"2018";"23 jaar";"218557";"110938";"107619"
"2018";"24 jaar";"219232";"111312";"107920"
"2018";"25 jaar";"221643";"112701";"108942"
"2018";"26 jaar";"224418";"113781";"110637"
"2018";"27 jaar";"225619";"114517";"111102"
"2018";"28 jaar";"218319";"110170";"108149"
"2018";"29 jaar";"216158";"109150";"107008"
"2018";"30 jaar";"216233";"109586";"106647"
"2018";"31 jaar";"215503";"108265";"107238"
"2018";"32 jaar";"211127";"106354";"104773"
"2018";"33 jaar";"207626";"104707";"102919"
"2018";"34 jaar";"202300";"101642";"100658"
"2018";"35 jaar";"202806";"101988";"100818"
"2018";"36 jaar";"206883";"103292";"103591"
"2018";"37 jaar";"209769";"105060";"104709"
"2018";"38 jaar";"202927";"101381";"101546"
"2018";"39 jaar";"202971";"101204";"101767"
"2018";"40 jaar";"200028";"99545";"100483"
"2018";"41 jaar";"201974";"100996";"100978"
"2018";"42 jaar";"203622";"101216";"102406"
"2018";"43 jaar";"212658";"105674";"106984"
"2018";"44 jaar";"220030";"109292";"110738"
"2018";"45 jaar";"238148";"118136";"120012"
"2018";"46 jaar";"249678";"124791";"124887"
"2018";"47 jaar";"260267";"130170";"130097"
"2018";"48 jaar";"265974";"133439";"132535"
"2018";"49 jaar";"254756";"127652";"127104"
"2018";"50 jaar";"252051";"126801";"125250"
"2018";"51 jaar";"253303";"127371";"125932"
"2018";"52 jaar";"256811";"129522";"127289"
"2018";"53 jaar";"261171";"131478";"129693"
"2018";"54 jaar";"256510";"129051";"127459"
"2018";"55 jaar";"251271";"125816";"125455"
"2018";"56 jaar";"248603";"124384";"124219"
"2018";"57 jaar";"241399";"120807";"120592"
"2018";"58 jaar";"238550";"119283";"119267"
"2018";"59 jaar";"231687";"115840";"115847"
"2018";"60 jaar";"226041";"112657";"113384"
"2018";"61 jaar";"221321";"110482";"110839"
"2018";"62 jaar";"215014";"106593";"108421"
"2018";"63 jaar";"210758";"105018";"105740"
"2018";"64 jaar";"206604";"102790";"103814"
"2018";"65 jaar";"206100";"102450";"103650"
"2018";"66 jaar";"197317";"98253";"99064"
"2018";"67 jaar";"196878";"97592";"99286"
"2018";"68 jaar";"197672";"97833";"99839"
"2018";"69 jaar";"201570";"99747";"101823"
"2018";"70 jaar";"209616";"102841";"106775"
"2018";"71 jaar";"213639";"104838";"108801"
"2018";"72 jaar";"150383";"72987";"77396"
"2018";"73 jaar";"154469";"74613";"79856"
"2018";"74 jaar";"143818";"69207";"74611"
"2018";"75 jaar";"130091";"61984";"68107"
"2018";"76 jaar";"120818";"57047";"63771"
"2018";"77 jaar";"120219";"55954";"64265"
"2018";"78 jaar";"112105";"51169";"60936"
"2018";"79 jaar";"105507";"47748";"57759"
"2018";"80 jaar";"94315";"41706";"52609"
"2018";"81 jaar";"88990";"38599";"50391"
"2018";"82 jaar";"81765";"34630";"47135"
"2018";"83 jaar";"75261";"30930";"44331"
"2018";"84 jaar";"67924";"26960";"40964"
"2018";"85 jaar";"63234";"24309";"38925"
"2018";"86 jaar";"55927";"20827";"35100"
"2018";"87 jaar";"49993";"17794";"32199"
"2018";"88 jaar";"41633";"14185";"27448"
"2018";"89 jaar";"35700";"11660";"24040"
"2018";"90 jaar";"28989";"9165";"19824"
"2018";"91 jaar";"24282";"7275";"17007"
"2018";"92 jaar";"19105";"5368";"13737"
"2018";"93 jaar";"15294";"3935";"11359"
"2018";"94 jaar";"11740";"3031";"8709"
"2018";"95 jaar of ouder";"24762";"5099";"19663"
"2018";"95 jaar";"8494";"1939";"6555"
"2018";"96 jaar";"6000";"1254";"4746"
"2018";"97 jaar";"4156";"858";"3298"
"2018";"98 jaar";"2438";"474";"1964"
"2018";"99 jaar";"1494";"251";"1243"
"2018";"100 jaar";"919";"143";"776"
"2018";"101 jaar";"562";"93";"469"
"2018";"102 jaar";"301";"41";"260"
"2018";"103 jaar";"194";"26";"168"
"2018";"104 jaar";"109";"9";"100"
"2018";"105 jaar of ouder";"95";"11";"84"
"2019";"Totaal";"17282163";"8581086";"8701077"
"2019";"0 jaar";"168443";"86173";"82270"
"2019";"1 jaar";"170816";"87646";"83170"
"2019";"2 jaar";"174256";"89405";"84851"
"2019";"3 jaar";"173722";"89102";"84620"
"2019";"4 jaar";"178825";"91332";"87493"
"2019";"5 jaar";"175210";"89987";"85223"
"2019";"6 jaar";"180043";"92277";"87766"
"2019";"7 jaar";"183815";"94365";"89450"
"2019";"8 jaar";"188854";"96472";"92382"
"2019";"9 jaar";"189520";"97132";"92388"
"2019";"10 jaar";"190090";"97532";"92558"
"2019";"11 jaar";"186613";"95272";"91341"
"2019";"12 jaar";"190026";"97500";"92526"
"2019";"13 jaar";"191909";"98249";"93660"
"2019";"14 jaar";"197677";"100978";"96699"
"2019";"15 jaar";"204306";"104654";"99652"
"2019";"16 jaar";"205638";"105283";"100355"
"2019";"17 jaar";"207992";"106599";"101393"
"2019";"18 jaar";"216614";"110582";"106032"
"2019";"19 jaar";"217469";"111186";"106283"
"2019";"20 jaar";"218315";"111172";"107143"
"2019";"21 jaar";"212979";"107639";"105340"
"2019";"22 jaar";"212854";"108437";"104417"
"2019";"23 jaar";"214501";"108668";"105833"
"2019";"24 jaar";"221276";"112366";"108910"
"2019";"25 jaar";"221595";"112519";"109076"
"2019";"26 jaar";"224138";"114023";"110115"
"2019";"27 jaar";"227080";"115150";"111930"
"2019";"28 jaar";"228156";"115895";"112261"
"2019";"29 jaar";"220894";"111484";"109410"
"2019";"30 jaar";"218629";"110475";"108154"
"2019";"31 jaar";"218397";"110641";"107756"
"2019";"32 jaar";"217522";"109358";"108164"
"2019";"33 jaar";"212882";"107200";"105682"
"2019";"34 jaar";"209476";"105701";"103775"
"2019";"35 jaar";"203806";"102432";"101374"
"2019";"36 jaar";"204401";"102842";"101559"
"2019";"37 jaar";"208114";"103933";"104181"
"2019";"38 jaar";"210971";"105652";"105319"
"2019";"39 jaar";"204001";"101876";"102125"
"2019";"40 jaar";"203992";"101698";"102294"
"2019";"41 jaar";"201027";"99964";"101063"
"2019";"42 jaar";"202851";"101409";"101442"
"2019";"43 jaar";"204259";"101479";"102780"
"2019";"44 jaar";"213259";"105910";"107349"
"2019";"45 jaar";"220643";"109548";"111095"
"2019";"46 jaar";"238587";"118352";"120235"
"2019";"47 jaar";"249933";"124918";"125015"
"2019";"48 jaar";"260536";"130255";"130281"
"2019";"49 jaar";"266020";"133467";"132553"
"2019";"50 jaar";"254909";"127729";"127180"
"2019";"51 jaar";"251946";"126713";"125233"
"2019";"52 jaar";"253097";"127228";"125869"
"2019";"53 jaar";"256392";"129271";"127121"
"2019";"54 jaar";"260512";"131046";"129466"
"2019";"55 jaar";"255864";"128690";"127174"
"2019";"56 jaar";"250557";"125429";"125128"
"2019";"57 jaar";"247542";"123795";"123747"
"2019";"58 jaar";"240203";"120078";"120125"
"2019";"59 jaar";"237366";"118609";"118757"
"2019";"60 jaar";"230261";"115023";"115238"
"2019";"61 jaar";"224577";"111853";"112724"
"2019";"62 jaar";"219687";"109561";"110126"
"2019";"63 jaar";"213299";"105576";"107723"
"2019";"64 jaar";"209015";"103986";"105029"
"2019";"65 jaar";"204712";"101712";"103000"
"2019";"66 jaar";"203761";"101055";"102706"
"2019";"67 jaar";"194999";"96863";"98136"
"2019";"68 jaar";"194511";"96136";"98375"
"2019";"69 jaar";"195091";"96240";"98851"
"2019";"70 jaar";"198650";"98005";"100645"
"2019";"71 jaar";"206366";"100939";"105427"
"2019";"72 jaar";"209871";"102579";"107292"
"2019";"73 jaar";"147392";"71239";"76153"
"2019";"74 jaar";"151105";"72654";"78451"
"2019";"75 jaar";"140466";"67222";"73244"
"2019";"76 jaar";"126649";"60011";"66638"
"2019";"77 jaar";"117269";"54990";"62279"
"2019";"78 jaar";"116317";"53804";"62513"
"2019";"79 jaar";"108025";"48893";"59132"
"2019";"80 jaar";"101095";"45279";"55816"
"2019";"81 jaar";"90011";"39418";"50593"
"2019";"82 jaar";"84177";"36003";"48174"
"2019";"83 jaar";"76736";"32090";"44646"
"2019";"84 jaar";"70095";"28364";"41731"
"2019";"85 jaar";"62552";"24436";"38116"
"2019";"86 jaar";"57367";"21614";"35753"
"2019";"87 jaar";"50089";"18279";"31810"
"2019";"88 jaar";"44093";"15270";"28823"
"2019";"89 jaar";"35967";"11959";"24008"
"2019";"90 jaar";"30351";"9545";"20806"
"2019";"91 jaar";"24104";"7374";"16730"
"2019";"92 jaar";"19691";"5724";"13967"
"2019";"93 jaar";"15081";"4129";"10952"
"2019";"94 jaar";"11736";"2901";"8835"
"2019";"95 jaar of ouder";"25675";"5583";"20092"
"2019";"95 jaar";"8705";"2166";"6539"
"2019";"96 jaar";"6138";"1333";"4805"
"2019";"97 jaar";"4159";"857";"3302"
"2019";"98 jaar";"2826";"565";"2261"
"2019";"99 jaar";"1658";"323";"1335"
"2019";"100 jaar";"950";"163";"787"
"2019";"101 jaar";"564";"92";"472"
"2019";"102 jaar";"323";"48";"275"
"2019";"103 jaar";"154";"17";"137"
"2019";"104 jaar";"102";"11";"91"
"2019";"105 jaar of ouder";"96";"8";"88"
"2020";"Totaal";"17407585";"8648031";"8759554"
"2020";"0 jaar";"169497";"86780";"82717"
"2020";"1 jaar";"169918";"86936";"82982"
"2020";"2 jaar";"171951";"88224";"83727"
"2020";"3 jaar";"175319";"89877";"85442"
"2020";"4 jaar";"174787";"89678";"85109"
"2020";"5 jaar";"179581";"91715";"87866"
"2020";"6 jaar";"176215";"90538";"85677"
"2020";"7 jaar";"180969";"92757";"88212"
"2020";"8 jaar";"184787";"94859";"89928"
"2020";"9 jaar";"189871";"97000";"92871"
"2020";"10 jaar";"190581";"97716";"92865"
"2020";"11 jaar";"191201";"98121";"93080"
"2020";"12 jaar";"187633";"95795";"91838"
"2020";"13 jaar";"190949";"97984";"92965"
"2020";"14 jaar";"192840";"98734";"94106"
"2020";"15 jaar";"198577";"101456";"97121"
"2020";"16 jaar";"205420";"105340";"100080"
"2020";"17 jaar";"207149";"106095";"101054"
"2020";"18 jaar";"213523";"109193";"104330"
"2020";"19 jaar";"224489";"114144";"110345"
"2020";"20 jaar";"222532";"113176";"109356"
"2020";"21 jaar";"221651";"112662";"108989"
"2020";"22 jaar";"216297";"109312";"106985"
"2020";"23 jaar";"216448";"110236";"106212"
"2020";"24 jaar";"217657";"110279";"107378"
"2020";"25 jaar";"224513";"114006";"110507"
"2020";"26 jaar";"224987";"114184";"110803"
"2020";"27 jaar";"227651";"115804";"111847"
"2020";"28 jaar";"230336";"116870";"113466"
"2020";"29 jaar";"231478";"117735";"113743"
"2020";"30 jaar";"224067";"113052";"111015"
"2020";"31 jaar";"221567";"112150";"109417"
"2020";"32 jaar";"221012";"112141";"108871"
"2020";"33 jaar";"220272";"110858";"109414"
"2020";"34 jaar";"215185";"108465";"106720"
"2020";"35 jaar";"211608";"106816";"104792"
"2020";"36 jaar";"205694";"103411";"102283"
"2020";"37 jaar";"206135";"103678";"102457"
"2020";"38 jaar";"209787";"104855";"104932"
"2020";"39 jaar";"212604";"106437";"106167"
"2020";"40 jaar";"205400";"102613";"102787"
"2020";"41 jaar";"205351";"102353";"102998"
"2020";"42 jaar";"202233";"100590";"101643"
"2020";"43 jaar";"203832";"101906";"101926"
"2020";"44 jaar";"205192";"101960";"103232"
"2020";"45 jaar";"214175";"106340";"107835"
"2020";"46 jaar";"221397";"109926";"111471"
"2020";"47 jaar";"239141";"118629";"120512"
"2020";"48 jaar";"250414";"125116";"125298"
"2020";"49 jaar";"260941";"130430";"130511"
"2020";"50 jaar";"266187";"133557";"132630"
"2020";"51 jaar";"254922";"127742";"127180"
"2020";"52 jaar";"251934";"126700";"125234"
"2020";"53 jaar";"252798";"127005";"125793"
"2020";"54 jaar";"255985";"129050";"126935"
"2020";"55 jaar";"259958";"130710";"129248"
"2020";"56 jaar";"255085";"128205";"126880"
"2020";"57 jaar";"249709";"124920";"124789"
"2020";"58 jaar";"246676";"123328";"123348"
"2020";"59 jaar";"239164";"119520";"119644"
"2020";"60 jaar";"236163";"117917";"118246"
"2020";"61 jaar";"228921";"114274";"114647"
"2020";"62 jaar";"223075";"110971";"112104"
"2020";"63 jaar";"218121";"108696";"109425"
"2020";"64 jaar";"211518";"104550";"106968"
"2020";"65 jaar";"207231";"102944";"104287"
"2020";"66 jaar";"202623";"100458";"102165"
"2020";"67 jaar";"201498";"99719";"101779"
"2020";"68 jaar";"192697";"95529";"97168"
"2020";"69 jaar";"191999";"94604";"97395"
"2020";"70 jaar";"192332";"94637";"97695"
"2020";"71 jaar";"195686";"96267";"99419"
"2020";"72 jaar";"202910";"98898";"104012"
"2020";"73 jaar";"206012";"100306";"105706"
"2020";"74 jaar";"144279";"69437";"74842"
"2020";"75 jaar";"147609";"70595";"77014"
"2020";"76 jaar";"136821";"65129";"71692"
"2020";"77 jaar";"123046";"57948";"65098"
"2020";"78 jaar";"113620";"52936";"60684"
"2020";"79 jaar";"112104";"51437";"60667"
"2020";"80 jaar";"103556";"46393";"57163"
"2020";"81 jaar";"96472";"42774";"53698"
"2020";"82 jaar";"85299";"36940";"48359"
"2020";"83 jaar";"79209";"33443";"45766"
"2020";"84 jaar";"71520";"29458";"42062"
"2020";"85 jaar";"64712";"25719";"38993"
"2020";"86 jaar";"57004";"21808";"35196"
"2020";"87 jaar";"51687";"19057";"32630"
"2020";"88 jaar";"44320";"15723";"28597"
"2020";"89 jaar";"38478";"12984";"25494"
"2020";"90 jaar";"30638";"9910";"20728"
"2020";"91 jaar";"25338";"7716";"17622"
"2020";"92 jaar";"19731";"5847";"13884"
"2020";"93 jaar";"15653";"4377";"11276"
"2020";"94 jaar";"11758";"3134";"8624"
"2020";"95 jaar of ouder";"26713";"5827";"20886"
"2020";"95 jaar";"8855";"2099";"6756"
"2020";"96 jaar";"6362";"1514";"4848"
"2020";"97 jaar";"4374";"926";"3448"
"2020";"98 jaar";"2833";"554";"2279"
"2020";"99 jaar";"1891";"342";"1549"
"2020";"100 jaar";"1074";"193";"881"
"2020";"101 jaar";"590";"93";"497"
"2020";"102 jaar";"357";"58";"299"
"2020";"103 jaar";"185";"30";"155"
"2020";"104 jaar";"90";"11";"79"
"2020";"105 jaar of ouder";"102";"7";"95"
"2021";"Totaal";"17475415";"8686536";"8788879"
"2021";"0 jaar";"168270";"86287";"81983"
"2021";"1 jaar";"170354";"87259";"83095"
"2021";"2 jaar";"170474";"87205";"83269"
"2021";"3 jaar";"172564";"88536";"84028"
"2021";"4 jaar";"175964";"90229";"85735"
"2021";"5 jaar";"175403";"90004";"85399"
"2021";"6 jaar";"180140";"92022";"88118"
"2021";"7 jaar";"176907";"90893";"86014"
"2021";"8 jaar";"181785";"93185";"88600"
"2021";"9 jaar";"185592";"95253";"90339"
"2021";"10 jaar";"190637";"97407";"93230"
"2021";"11 jaar";"191484";"98186";"93298"
"2021";"12 jaar";"192004";"98553";"93451"
"2021";"13 jaar";"188438";"96205";"92233"
"2021";"14 jaar";"191715";"98395";"93320"
"2021";"15 jaar";"193570";"99111";"94459"
"2021";"16 jaar";"199394";"101957";"97437"
"2021";"17 jaar";"206527";"105940";"100587"
"2021";"18 jaar";"212171";"108487";"103684"
"2021";"19 jaar";"220073";"112101";"107972"
"2021";"20 jaar";"227053";"115335";"111718"
"2021";"21 jaar";"223141";"113688";"109453"
"2021";"22 jaar";"222345";"113200";"109145"
"2021";"23 jaar";"217581";"110170";"107411"
"2021";"24 jaar";"217366";"110918";"106448"
"2021";"25 jaar";"218668";"110943";"107725"
"2021";"26 jaar";"225920";"114839";"111081"
"2021";"27 jaar";"226583";"115147";"111436"
"2021";"28 jaar";"229437";"116762";"112675"
"2021";"29 jaar";"232334";"117879";"114455"
"2021";"30 jaar";"233373";"118809";"114564"
"2021";"31 jaar";"225767";"114124";"111643"
"2021";"32 jaar";"223130";"112998";"110132"
"2021";"33 jaar";"222511";"112897";"109614"
"2021";"34 jaar";"221708";"111599";"110109"
"2021";"35 jaar";"216405";"109176";"107229"
"2021";"36 jaar";"212811";"107506";"105305"
"2021";"37 jaar";"206720";"103992";"102728"
"2021";"38 jaar";"207274";"104243";"103031"
"2021";"39 jaar";"210876";"105392";"105484"
"2021";"40 jaar";"213550";"106966";"106584"
"2021";"41 jaar";"206262";"103052";"103210"
"2021";"42 jaar";"206100";"102743";"103357"
"2021";"43 jaar";"203073";"101032";"102041"
"2021";"44 jaar";"204503";"102241";"102262"
"2021";"45 jaar";"205701";"102220";"103481"
"2021";"46 jaar";"214822";"106682";"108140"
"2021";"47 jaar";"221788";"110067";"111721"
"2021";"48 jaar";"239467";"118771";"120696"
"2021";"49 jaar";"250796";"125239";"125557"
"2021";"50 jaar";"261085";"130463";"130622"
"2021";"51 jaar";"266184";"133531";"132653"
"2021";"52 jaar";"254782";"127603";"127179"
"2021";"53 jaar";"251614";"126482";"125132"
"2021";"54 jaar";"252466";"126801";"125665"
"2021";"55 jaar";"255486";"128770";"126716"
"2021";"56 jaar";"259303";"130352";"128951"
"2021";"57 jaar";"254398";"127812";"126586"
"2021";"58 jaar";"248827";"124406";"124421"
"2021";"59 jaar";"245543";"122632";"122911"
"2021";"60 jaar";"237918";"118755";"119163"
"2021";"61 jaar";"234687";"117035";"117652"
"2021";"62 jaar";"227404";"113396";"114008"
"2021";"63 jaar";"221404";"110016";"111388"
"2021";"64 jaar";"216248";"107568";"108680"
"2021";"65 jaar";"209603";"103447";"106156"
"2021";"66 jaar";"205025";"101607";"103418"
"2021";"67 jaar";"200160";"98952";"101208"
"2021";"68 jaar";"198911";"98181";"100730"
"2021";"69 jaar";"190079";"93961";"96118"
"2021";"70 jaar";"189248";"92962";"96286"
"2021";"71 jaar";"189136";"92722";"96414"
"2021";"72 jaar";"192126";"94152";"97974"
"2021";"73 jaar";"198904";"96517";"102387"
"2021";"74 jaar";"201622";"97705";"103917"
"2021";"75 jaar";"140597";"67247";"73350"
"2021";"76 jaar";"143353";"68108";"75245"
"2021";"77 jaar";"132521";"62623";"69898"
"2021";"78 jaar";"118606";"55380";"63226"
"2021";"79 jaar";"108983";"50297";"58686"
"2021";"80 jaar";"107048";"48560";"58488"
"2021";"81 jaar";"98199";"43442";"54757"
"2021";"82 jaar";"90976";"39833";"51143"
"2021";"83 jaar";"79679";"33923";"45756"
"2021";"84 jaar";"73221";"30357";"42864"
"2021";"85 jaar";"65612";"26509";"39103"
"2021";"86 jaar";"58402";"22721";"35681"
"2021";"87 jaar";"50597";"18867";"31730"
"2021";"88 jaar";"45191";"16210";"28981"
"2021";"89 jaar";"38007";"13000";"25007"
"2021";"90 jaar";"32206";"10500";"21706"
"2021";"91 jaar";"25188";"7853";"17335"
"2021";"92 jaar";"20335";"5941";"14394"
"2021";"93 jaar";"15450";"4409";"11041"
"2021";"94 jaar";"11869";"3158";"8711"
"2021";"95 jaar of ouder";"26681";"5925";"20756"
"2021";"95 jaar";"8685";"2160";"6525"
"2021";"96 jaar";"6349";"1445";"4904"
"2021";"97 jaar";"4352";"982";"3370"
"2021";"98 jaar";"2922";"567";"2355"
"2021";"99 jaar";"1837";"360";"1477"
"2021";"100 jaar";"1169";"208";"961"
"2021";"101 jaar";"638";"108";"530"
"2021";"102 jaar";"341";"45";"296"
"2021";"103 jaar";"201";"28";"173"
"2021";"104 jaar";"97";"17";"80"
"2021";"105 jaar of ouder";"90";"5";"85"
"2022";"Totaal";"17590672";"8745468";"8845204"
"2022";"0 jaar";"179133";"91656";"87477"
"2022";"1 jaar";"169323";"86798";"82525"
"2022";"2 jaar";"171226";"87677";"83549"
"2022";"3 jaar";"171415";"87661";"83754"
"2022";"4 jaar";"173556";"89040";"84516"
"2022";"5 jaar";"176741";"90651";"86090"
"2022";"6 jaar";"176234";"90457";"85777"
"2022";"7 jaar";"181103";"92530";"88573"
"2022";"8 jaar";"177793";"91346";"86447"
"2022";"9 jaar";"182749";"93685";"89064"
"2022";"10 jaar";"186513";"95720";"90793"
"2022";"11 jaar";"191599";"97865";"93734"
"2022";"12 jaar";"192560";"98741";"93819"
"2022";"13 jaar";"193037";"99107";"93930"
"2022";"14 jaar";"189479";"96754";"92725"
"2022";"15 jaar";"192725";"98966";"93759"
"2022";"16 jaar";"194719";"99794";"94925"
"2022";"17 jaar";"200939";"102868";"98071"
"2022";"18 jaar";"214061";"109411";"104650"
"2022";"19 jaar";"222912";"113205";"109707"
"2022";"20 jaar";"226197";"114784";"111413"
"2022";"21 jaar";"231493";"117373";"114120"
"2022";"22 jaar";"227225";"115609";"111616"
"2022";"23 jaar";"226996";"115379";"111617"
"2022";"24 jaar";"220974";"111807";"109167"
"2022";"25 jaar";"220818";"112571";"108247"
"2022";"26 jaar";"222029";"112664";"109365"
"2022";"27 jaar";"229261";"116533";"112728"
"2022";"28 jaar";"229982";"116862";"113120"
"2022";"29 jaar";"232416";"118307";"114109"
"2022";"30 jaar";"235174";"119445";"115729"
"2022";"31 jaar";"235817";"120095";"115722"
"2022";"32 jaar";"227912";"115360";"112552"
"2022";"33 jaar";"225299";"114170";"111129"
"2022";"34 jaar";"224277";"113883";"110394"
"2022";"35 jaar";"223383";"112544";"110839"
"2022";"36 jaar";"217872";"109956";"107916"
"2022";"37 jaar";"214114";"108266";"105848"
"2022";"38 jaar";"208001";"104530";"103471"
"2022";"39 jaar";"208601";"104923";"103678"
"2022";"40 jaar";"211882";"105921";"105961"
"2022";"41 jaar";"214516";"107546";"106970"
"2022";"42 jaar";"207041";"103398";"103643"
"2022";"43 jaar";"206855";"103095";"103760"
"2022";"44 jaar";"203753";"101350";"102403"
"2022";"45 jaar";"205223";"102577";"102646"
"2022";"46 jaar";"206214";"102456";"103758"
"2022";"47 jaar";"215171";"106783";"108388"
"2022";"48 jaar";"222245";"110300";"111945"
"2022";"49 jaar";"239601";"118807";"120794"
"2022";"50 jaar";"250796";"125218";"125578"
"2022";"51 jaar";"260912";"130303";"130609"
"2022";"52 jaar";"265900";"133294";"132606"
"2022";"53 jaar";"254354";"127319";"127035"
"2022";"54 jaar";"251108";"126151";"124957"
"2022";"55 jaar";"251762";"126368";"125394"
"2022";"56 jaar";"254567";"128199";"126368"
"2022";"57 jaar";"258325";"129792";"128533"
"2022";"58 jaar";"253240";"127121";"126119"
"2022";"59 jaar";"247599";"123702";"123897"
"2022";"60 jaar";"243990";"121759";"122231"
"2022";"61 jaar";"236460";"117924";"118536"
"2022";"62 jaar";"232975";"116047";"116928"
"2022";"63 jaar";"225583";"112317";"113266"
"2022";"64 jaar";"219489";"108918";"110571"
"2022";"65 jaar";"214114";"106331";"107783"
"2022";"66 jaar";"207190";"102065";"105125"
"2022";"67 jaar";"202404";"100090";"102314"
"2022";"68 jaar";"197548";"97394";"100154"
"2022";"69 jaar";"196060";"96472";"99588"
"2022";"70 jaar";"187009";"92137";"94872"
"2022";"71 jaar";"185993";"90982";"95011"
"2022";"72 jaar";"185630";"90616";"95014"
"2022";"73 jaar";"188339";"91848";"96491"
"2022";"74 jaar";"194454";"93916";"100538"
"2022";"75 jaar";"196590";"94829";"101761"
"2022";"76 jaar";"136563";"64890";"71673"
"2022";"77 jaar";"138728";"65454";"73274"
"2022";"78 jaar";"127888";"59963";"67925"
"2022";"79 jaar";"113836";"52619";"61217"
"2022";"80 jaar";"104107";"47558";"56549"
"2022";"81 jaar";"101553";"45517";"56036"
"2022";"82 jaar";"92671";"40474";"52197"
"2022";"83 jaar";"85237";"36738";"48499"
"2022";"84 jaar";"73972";"30968";"43004"
"2022";"85 jaar";"67067";"27290";"39777"
"2022";"86 jaar";"59420";"23452";"35968"
"2022";"87 jaar";"52155";"19778";"32377"
"2022";"88 jaar";"44428";"16070";"28358"
"2022";"89 jaar";"38948";"13574";"25374"
"2022";"90 jaar";"32086";"10591";"21495"
"2022";"91 jaar";"26672";"8400";"18272"
"2022";"92 jaar";"20250";"6067";"14183"
"2022";"93 jaar";"16003";"4498";"11505"
"2022";"94 jaar";"11729";"3187";"8542"
"2022";"95 jaar of ouder";"26809";"6042";"20767"
"2022";"95 jaar";"8822";"2227";"6595"
"2022";"96 jaar";"6229";"1486";"4743"
"2022";"97 jaar";"4356";"938";"3418"
"2022";"98 jaar";"2895";"613";"2282"
"2022";"99 jaar";"1912";"348";"1564"
"2022";"100 jaar";"1146";"210";"936"
"2022";"101 jaar";"705";"118";"587"
"2022";"102 jaar";"355";"65";"290"
"2022";"103 jaar";"199";"20";"179"
"2022";"104 jaar";"104";"9";"95"
"2022";"105 jaar of ouder";"86";"8";"78"
"2023";"Totaal";"17811291";"8850309";"8960982"
"2023";"0 jaar";"167629";"85744";"81885"
"2023";"1 jaar";"181514";"92908";"88606"
"2023";"2 jaar";"171544";"87865";"83679"
"2023";"3 jaar";"173555";"88874";"84681"
"2023";"4 jaar";"173913";"88916";"84997"
"2023";"5 jaar";"175978";"90268";"85710"
"2023";"6 jaar";"179388";"91995";"87393"
"2023";"7 jaar";"178897";"91800";"87097"
"2023";"8 jaar";"183844";"93932";"89912"
"2023";"9 jaar";"180544";"92806";"87738"
"2023";"10 jaar";"185662";"95200";"90462"
"2023";"11 jaar";"189302";"97144";"92158"
"2023";"12 jaar";"194363";"99290";"95073"
"2023";"13 jaar";"195420";"100249";"95171"
"2023";"14 jaar";"195824";"100570";"95254"
"2023";"15 jaar";"192092";"98165";"93927"
"2023";"16 jaar";"195515";"100493";"95022"
"2023";"17 jaar";"198118";"101733";"96385"
"2023";"18 jaar";"210913";"107638";"103275"
"2023";"19 jaar";"226443";"114731";"111712"
"2023";"20 jaar";"230693";"116446";"114247"
"2023";"21 jaar";"232405";"117457";"114948"
"2023";"22 jaar";"237418";"120172";"117246"
"2023";"23 jaar";"233818";"118800";"115018"
"2023";"24 jaar";"232929";"118269";"114660"
"2023";"25 jaar";"227429";"115090";"112339"
"2023";"26 jaar";"227241";"115759";"111482"
"2023";"27 jaar";"228636";"115901";"112735"
"2023";"28 jaar";"235632";"119925";"115707"
"2023";"29 jaar";"236061";"119892";"116169"
"2023";"30 jaar";"238136";"121068";"117068"
"2023";"31 jaar";"240472";"122037";"118435"
"2023";"32 jaar";"240847";"122593";"118254"
"2023";"33 jaar";"232932";"117931";"115001"
"2023";"34 jaar";"229986";"116366";"113620"
"2023";"35 jaar";"228622";"115907";"112715"
"2023";"36 jaar";"227431";"114375";"113056"
"2023";"37 jaar";"221810";"111688";"110122"
"2023";"38 jaar";"217774";"109803";"107971"
"2023";"39 jaar";"211752";"106062";"105690"
"2023";"40 jaar";"211806";"106255";"105551"
"2023";"41 jaar";"214938";"107155";"107783"
"2023";"42 jaar";"217309";"108627";"108682"
"2023";"43 jaar";"209574";"104437";"105137"
"2023";"44 jaar";"209258";"104054";"105204"
"2023";"45 jaar";"205929";"102201";"103728"
"2023";"46 jaar";"207288";"103310";"103978"
"2023";"47 jaar";"207998";"103096";"104902"
"2023";"48 jaar";"216840";"107363";"109477"
"2023";"49 jaar";"223602";"110753";"112849"
"2023";"50 jaar";"240810";"119135";"121675"
"2023";"51 jaar";"251584";"125392";"126192"
"2023";"52 jaar";"261502";"130348";"131154"
"2023";"53 jaar";"266250";"133156";"133094"
"2023";"54 jaar";"254507";"127120";"127387"
"2023";"55 jaar";"251120";"125955";"125165"
"2023";"56 jaar";"251522";"126039";"125483"
"2023";"57 jaar";"254172";"127764";"126408"
"2023";"58 jaar";"257755";"129307";"128448"
"2023";"59 jaar";"252457";"126485";"125972"
"2023";"60 jaar";"246891";"123105";"123786"
"2023";"61 jaar";"243125";"121120";"122005"
"2023";"62 jaar";"235492";"117246";"118246"
"2023";"63 jaar";"231731";"115173";"116558"
"2023";"64 jaar";"224182";"111328";"112854"
"2023";"65 jaar";"217945";"107786";"110159"
"2023";"66 jaar";"212222";"105102";"107120"
"2023";"67 jaar";"205091";"100778";"104313"
"2023";"68 jaar";"200221";"98693";"101528"
"2023";"69 jaar";"195142";"95881";"99261"
"2023";"70 jaar";"193337";"94772";"98565"
"2023";"71 jaar";"184337";"90432";"93905"
"2023";"72 jaar";"182912";"89097";"93815"
"2023";"73 jaar";"182216";"88585";"93631"
"2023";"74 jaar";"184417";"89464";"94953"
"2023";"75 jaar";"189898";"91254";"98644"
"2023";"76 jaar";"191452";"91799";"99653"
"2023";"77 jaar";"132338";"62444";"69894"
"2023";"78 jaar";"134024";"62768";"71256"
"2023";"79 jaar";"122998";"57230";"65768"
"2023";"80 jaar";"109062";"49955";"59107"
"2023";"81 jaar";"99205";"44857";"54348"
"2023";"82 jaar";"96045";"42598";"53447"
"2023";"83 jaar";"87043";"37531";"49512"
"2023";"84 jaar";"79459";"33735";"45724"
"2023";"85 jaar";"68184";"28100";"40084"
"2023";"86 jaar";"60952";"24363";"36589"
"2023";"87 jaar";"53242";"20608";"32634"
"2023";"88 jaar";"45934";"17116";"28818"
"2023";"89 jaar";"38273";"13447";"24826"
"2023";"90 jaar";"32966";"11189";"21777"
"2023";"91 jaar";"26462";"8527";"17935"
"2023";"92 jaar";"21495";"6541";"14954"
"2023";"93 jaar";"15816";"4532";"11284"
"2023";"94 jaar";"12162";"3286";"8876"
"2023";"95 jaar of ouder";"26317";"6053";"20264"
"2023";"95 jaar";"8584";"2210";"6374"
"2023";"96 jaar";"6288";"1531";"4757"
"2023";"97 jaar";"4203";"972";"3231"
"2023";"98 jaar";"2885";"588";"2297"
"2023";"99 jaar";"1785";"352";"1433"
"2023";"100 jaar";"1161";"196";"965"
"2023";"101 jaar";"633";"99";"534"
"2023";"102 jaar";"412";"61";"351"
"2023";"103 jaar";"178";"32";"146"
"2023";"104 jaar";"102";"6";"96"
"2023";"105 jaar of ouder";"86";"6";"80"
